파일명,component_0,component_1,component_2,component_3,품질상태
230312_일상검사_주_초_1-1-1_OK.csv,0.014196490613001395,-0.7977156207557625,0.4954678292286334,-0.12662921128894056,1
230312_일상검사_주_초_1-2-1_OK.csv,0.009911018691427612,-0.7862908299905711,0.2631751099735012,-0.010449260169346317,1
230312_일상검사_주_초_1-3-1_OK.csv,0.058222724398220536,-0.9248516184851069,0.4310792352781747,0.010070718295469044,1
230312_일상검사_주_초_1-4-1_OK.csv,0.03715660268169981,-0.8998944359763202,0.4287602301912865,0.06425934319488681,1
230312_일상검사_주_초_1-5-1_OK.csv,0.11001830268630286,-0.8986019317823017,0.547630433593237,0.2134100418607685,1
230312_일상검사_주_초_1-6-1_OK.csv,0.04336997468602941,-0.673454847049031,0.2934177376580378,-0.09652971019768024,1
240112_일상검사_주_초_2-6-1_NG.csv,-0.046561880134349434,-0.5599348671034704,0.009436465315783557,0.14781750154110804,0
240113_일상검사_야_초_1-1-1_OK.csv,0.09234620428978187,-0.08162682577581859,-0.44982690691762617,0.09599092145101487,1
240113_일상검사_야_초_1-2-1_OK.csv,0.10429861092521385,-0.09190955398002851,-0.3001410315301195,0.04078072724831192,1
240113_일상검사_야_초_1-3-1_OK.csv,0.11166666985468898,-0.13085181410225832,-0.01763045356116085,0.2762995060524398,1
240113_일상검사_야_초_1-4-1_OK.csv,0.05808137201595591,-0.05707072948391796,-0.27537781867847766,0.1132892406010225,1
240113_일상검사_야_초_1-5-1_OK.csv,0.07636347657115936,0.16322867236107585,-0.24055264460960385,0.04728166979114754,1
240113_일상검사_야_초_1-6-1_NG.csv,0.13634844668259768,0.1355251416669019,-0.2757688743821032,0.17606564397169747,0
240113_일상검사_야_초_2-1-1_NG.csv,0.07823662144448923,0.5033199060759347,-0.6495711243496434,0.2090160104226451,0
240113_일상검사_야_초_2-2-1_NG.csv,0.12659121913970683,0.747705268796173,0.08835089080099598,0.10967968080670207,0
240113_일상검사_야_초_2-3-1_OK.csv,0.06807431003133235,0.610627175735033,0.2535772007637114,0.2737975206532838,1
240113_일상검사_야_초_2-4-1_NG.csv,0.18154973239545855,1.0809699540641249,-0.040248298796545914,-0.028016130257321997,0
240113_일상검사_야_초_2-5-1_NG.csv,0.19328800785846778,0.7055195140622593,0.22420536086603918,0.17735321796427414,0
240113_일상검사_야_초_2-6-1_NG.csv,0.17478121362325683,0.7249246864217476,0.37958034455375433,0.0933643170770067,0
240113_일상검사_주_초_1-1-1_NG.csv,0.1681408764222839,0.7099229831414291,0.39370786504319527,-0.09113060103957155,0
240113_일상검사_주_초_1-2-1_OK.csv,0.1176890328893967,0.6473301487720733,0.12789860744519177,0.10430906977102228,1
240113_일상검사_주_초_1-3-1_OK.csv,0.10574440567727621,0.8009671451181792,1.6664730601002775,0.035460722104817294,1
240113_일상검사_주_초_1-4-1_NG.csv,0.08188255627967184,0.7495244003947621,0.27147687876937304,0.03605132124427832,0
240113_일상검사_주_초_1-5-1_OK.csv,0.06634953192281004,0.2538210496258346,0.1977020120013645,0.012298833897265007,1
240113_일상검사_주_초_1-6-1_OK.csv,0.047139378048969005,0.5071525071063562,0.06538793032673818,0.2795326271726894,1
240113_일상검사_주_초_2-1-1_OK.csv,0.11278676532853134,0.2646139825707134,-0.3834685230437988,0.0781515174538025,1
240113_일상검사_주_초_2-2-1_NG.csv,0.14290754793736693,-0.02173240646454054,-0.4090125191882651,0.25614385267060663,0
240113_일상검사_주_초_2-3-1_OK.csv,0.054990536041731174,-0.10010331912092515,0.5223441771719737,-0.056379949692359925,1
240113_일상검사_주_초_2-4-1_OK.csv,0.12480852008763692,-0.5994056258052669,0.19420801287678122,0.3998066139566362,1
240113_일상검사_주_초_2-5-1_OK.csv,0.06544170011938207,-0.3866108193382582,-1.1211479247169895,-0.4581641956183517,1
240113_일상검사_주_초_2-6-1_NG.csv,0.07728037108825193,-0.14542183105692058,-0.11553240513249913,0.1714133215832714,0
240115_일상검사_주_초_2-3-1_OK.csv,0.021912618983443224,-0.17032253229481112,-0.08513191882253276,-0.19623170465561454,1
240115_일상검사_주_초_2-4-1_OK.csv,0.010287037205015061,0.017250995431075195,-0.10615341187502818,-0.44444862093237186,1
240116_일상검사_야_중_1-1-1_NG.csv,0.14696889952340034,0.6922679252424333,0.2155422283995932,0.05965642690111246,0
240116_일상검사_야_중_1-2-1_NG.csv,0.12554173401693428,0.6084368647581861,-0.22315034349109825,-0.1455593903878004,0
240116_일상검사_야_중_1-2-1_OK.csv,0.09792046791605534,0.6312358999573991,0.9236020027065925,-0.00768636721917193,1
240116_일상검사_야_중_1-3-1_NG.csv,49.53435027825859,-0.367170810658781,-0.16459456007469878,0.033910579884145864,0
240116_일상검사_야_중_1-4-1_NG.csv,0.11554757800136208,0.7005999173083602,-0.1570848781745593,0.1791072945561811,0
240116_일상검사_야_중_1-4-1_OK.csv,0.04228646208823859,0.026631952335888352,-0.4335359156397088,0.11989717456091134,1
240116_일상검사_야_중_1-5-1_NG.csv,0.11424610210608409,0.5730726801135747,0.235844052064889,0.08669813203749066,0
240116_일상검사_야_중_1-6-1_NG.csv,0.15705516939577283,0.7952380135164152,-0.10882057723616403,-0.054210765097508315,0
240116_일상검사_야_중_2-1-1_OK.csv,0.10861565580505922,0.3791731265108345,0.10666038073101677,0.29017702913670335,1
240116_일상검사_야_중_2-2-1_OK.csv,0.0923195508015827,0.6409633435866756,0.08937261028008667,0.12906857053504053,1
240116_일상검사_야_중_2-3-1_NG.csv,0.1359725990358,0.6933442128389766,0.25125774128591327,0.0950065614825152,0
240116_일상검사_야_중_2-4-1_NG.csv,0.11798860893179662,0.6367174831860375,0.24849449101982107,0.08743571525822989,0
240116_일상검사_야_중_2-5-1_NG.csv,0.10363529154817573,0.7061807500159543,0.23465205890789587,0.1131145441675275,0
240116_일상검사_야_중_2-6-1_NG.csv,0.10146914140012488,0.6781754260751659,0.15529609694140126,0.14988721898334836,0
240116_일상검사_야_초_1-1-1_NG.csv,0.15194273532278124,0.6370942016114185,-0.0313169187491047,-0.018448685763931383,0
240116_일상검사_야_초_1-2-1_NG.csv,0.12245878836282069,0.6717065607410538,0.013866097422417789,-0.02333557886973553,0
240116_일상검사_야_초_1-3-1_NG.csv,0.13944304797656532,0.7367876713266691,0.12042147292325481,0.10284064765829544,0
240116_일상검사_야_초_1-4-1_OK.csv,0.09831169499465332,0.28515689600752003,0.06942824083170372,0.06748331450909142,1
240116_일상검사_야_초_1-5-1_OK.csv,0.08959984748513102,0.72856829300345,0.23833280254510605,0.10161171389793511,1
240116_일상검사_야_초_1-6-1_OK.csv,0.10146110730298814,0.6671727757906861,0.6414680773231374,0.10797879225701934,1
240116_일상검사_야_초_2-1-1_OK.csv,0.08260326867711394,0.5078671553182139,0.13778702438379895,0.1094255449783598,1
240116_일상검사_야_초_2-2-1_OK.csv,0.0735429202454678,0.37406816325829106,0.4992777619564091,0.17487328540587016,1
240116_일상검사_야_초_2-3-1_NG.csv,0.14009984152766958,0.7997042049782532,0.11192988167636361,0.11066407381184543,0
240116_일상검사_야_초_2-4-1_NG.csv,0.10917796223213182,0.5625743558247664,-0.0007641376999972618,0.07718749224525544,0
240116_일상검사_야_초_2-5-1_NG.csv,0.11417913365023526,1.0098194603801685,-0.2788694304778714,0.11378784845857379,0
240116_일상검사_야_초_2-6-1_NG.csv,0.1322688015214415,0.6329545749266716,0.17710807082498398,0.04137149242406968,0
240116_일상검사_주_초_1-1-1_NG.csv,0.09794571540525011,0.3324202261550241,0.21835421955147294,0.6282547534694392,0
240116_일상검사_주_초_1-2-1_NG.csv,0.06987810709009891,0.27231590334835315,0.08751562913220544,-0.4146981803458804,0
240116_일상검사_주_초_1-3-1_NG.csv,0.04503470999681522,0.07713964243740505,0.041216314487150726,0.3773150325322387,0
240116_일상검사_주_초_1-4-1_NG.csv,0.14537385930127047,0.8066576184630287,0.21659707171104592,0.3402359261940806,0
240116_일상검사_주_초_1-5-1_NG.csv,0.14853128858507791,0.7334277402640812,-0.018176293175598872,0.16692632067839536,0
240116_일상검사_주_초_1-6-1_NG.csv,0.13761571994902258,0.8035443716133913,0.6391093745852985,0.20919752507598435,0
240116_일상검사_주_초_2-1-1_NG.csv,0.19084774475929084,0.7463221809016976,0.18666675886020845,0.06776685552985423,0
240116_일상검사_주_초_2-2-1_NG.csv,0.14867672651885383,0.7717499901814842,-0.7383507509886118,0.12919278015603497,0
240116_일상검사_주_초_2-3-1_NG.csv,0.1458385558930173,0.9649785011565981,0.21196113031086158,-0.0012592182457164258,0
240116_일상검사_주_초_2-4-1_NG.csv,0.09074120305856474,0.4709774513582319,0.38309832109621383,0.1495970746868055,0
240116_일상검사_주_초_2-5-1_NG.csv,0.11941659734613841,0.152878668618378,0.03965447688211382,1.2035592911618462,0
240116_일상검사_주_초_2-6-1_NG.csv,0.1641630338511918,0.4007885217499069,-0.5349962215610251,0.34805605178444243,0
240117_일상검사_야_중_1-1-1_OK.csv,0.054078347661581955,0.16435723427515994,-0.25341895966305034,-0.12179124752608975,1
240117_일상검사_야_중_1-2-1_NG.csv,0.1750532973564821,0.0964984054301178,-0.2949613127476798,-0.0020750932855820095,0
240117_일상검사_야_중_1-2-1_OK.csv,0.0469889410245329,0.048119645765214394,-0.07927096135292078,-0.24467054974526908,1
240117_일상검사_야_중_1-3-1_OK.csv,0.1621075743477788,0.19872559437571474,0.3848158946275765,0.3328807788788631,0
240117_일상검사_야_중_1-6-1_NG.csv,0.1347684194342333,0.24482140700889216,-0.15231039331215082,0.14947220409845768,0
240117_일상검사_야_초_1-1-1_NG.csv,0.08689016539459406,0.5422088917326945,0.6709337064814549,0.03544735704626767,0
240117_일상검사_야_초_1-2-1_NG.csv,0.15185820120653004,0.8018419259120749,0.15688473301771688,0.0003125147323016775,0
240117_일상검사_야_초_1-3-1_NG.csv,0.09029332743724028,0.7433692157192032,0.5753968351881007,0.28596607510957517,0
240117_일상검사_야_초_1-4-1_OK.csv,0.09177094852217117,0.6288243603309407,-0.24480512013111386,-0.1315156449432562,1
240117_일상검사_야_초_1-5-1_OK.csv,0.06382250012272606,0.6386948801247572,0.2449717804648356,0.17675257545224066,1
240117_일상검사_야_초_1-6-1_NG.csv,0.18045799814292313,0.7440634654901537,0.2897763219187658,0.1791555034904373,0
240118_일상검사_야_중_2-2-1_OK.csv,0.10382028969203803,0.6474586271785914,0.08841833539577097,-0.0856511732093922,1
240118_일상검사_야_중_2-3-1_NG.csv,0.10498456394030681,0.006107014288905789,0.04034685598691385,0.2926685945215992,0
240118_일상검사_야_중_2-3-1_OK.csv,0.07429305364300468,0.8965129882351319,0.3749585473539121,0.0019234894734110053,1
240118_일상검사_야_중_2-4-1_NG.csv,0.1637061044170912,0.7144466926815247,0.17224140337331587,-0.11074060959494685,0
240118_일상검사_야_중_2-5-1_OK.csv,0.07600797754190465,0.9283663194951765,0.5892986536202964,-0.077621904040086,1
240118_일상검사_야_초_1-2-1_NG.csv,0.14273672366113696,0.24960895462725996,0.20621038454517787,-0.4058047530926767,0
240118_일상검사_야_초_1-3-1_NG.csv,0.15283189456118695,0.7844794134662147,0.12801513272988324,-0.013069181954508985,0
240118_일상검사_야_초_1-4-1_NG.csv,0.12381055075609071,0.6350877652953966,0.261737153786878,0.20149308243847475,0
240118_일상검사_야_초_1-5-1_NG.csv,0.09216030678977727,0.5100884382495589,0.20204279511181952,0.26374716223545247,0
240118_일상검사_야_초_1-6-1_OK.csv,0.08065500523228848,0.7902328471408346,0.1919556132137823,-0.0767207741243845,1
240118_일상검사_주_종_1-2-1_NG.csv,0.133742571043287,0.46822160083482056,-0.3809945820133618,0.1441283812368217,0
240118_일상검사_주_종_1-3-1_NG.csv,0.21986240371901808,1.05836712418007,0.22395987896581704,0.2946326641841695,0
240118_일상검사_주_종_1-4-1_NG.csv,0.14018252412870813,0.5953896434774386,0.0146031316384439,-0.29533297781293233,0
240118_일상검사_주_중_1-1-1_NG.csv,0.08660094855828182,0.6447964268562127,0.0841120994510546,0.08769176444710028,0
240118_일상검사_주_중_1-5-1_NG.csv,0.17143864036992792,0.34902867122475545,0.2859697641544773,0.6954359719032416,0
240118_일상검사_주_중_1-6-1_NG.csv,0.233374285840409,2.0194821522078596,0.4399278972679471,1.7959278525437763,0
240118_일상검사_주_중_2-1-1_NG.csv,0.06741672175998975,0.7899072016708876,-0.4412564625239189,0.22694074133444603,0
240118_일상검사_주_중_2-2-1_NG.csv,0.13824152759442976,0.6964431948432854,0.03686998063123061,-0.009701333797727682,0
240118_일상검사_주_중_2-3-1_NG.csv,0.12253346426355836,0.42693068213826,0.21191892064055717,0.2333791125914084,0
240118_일상검사_주_중_2-4-1_NG.csv,0.14107216216749185,0.9341316219909483,-0.016359536846719952,0.2872310027584943,0
240118_일상검사_주_중_2-5-1_NG.csv,0.11374692710826932,0.06726997282415455,-0.05920679132043383,-0.20156604682338466,1
240118_일상검사_주_중_2-6-1_NG.csv,0.07166296641302282,-0.09856003737244563,-0.19854179864809568,0.21141069235643586,0
240119_일상검사_야_중_1-1-1_NG.csv,0.1589434177190946,0.14609892842714944,-0.06603551904180227,0.07130839721256048,0
240119_일상검사_야_중_1-2-1_NG.csv,0.15362456805209068,0.13199730965971304,-0.37761557735966256,0.12901599936058056,0
240119_일상검사_야_중_1-3-1_OK.csv,0.0963490662959372,0.13934314967533967,-0.1827019758659384,0.04571650558902412,1
240119_일상검사_야_중_1-4-1_OK.csv,0.10425726702845002,0.17014746252703097,-0.15181265102017294,0.09070200622685406,1
240119_일상검사_야_중_1-5-1_OK.csv,0.08865171651903087,0.0549841708385749,-0.2746787121310339,0.03506280304079705,1
240119_일상검사_야_중_1-6-1_OK.csv,0.08803382973693284,0.028664604627059456,-0.17109764558133467,0.11754143912781566,1
240119_일상검사_주_초_1-1-1_NG.csv,0.15324786274063554,0.6725478591247604,0.11316810929888374,-0.26402717638233186,0
240119_일상검사_주_초_1-2-1_NG.csv,0.10093165657543655,0.5053085877909889,-0.1374047900928982,-0.24568266939188727,0
240119_일상검사_주_초_1-3-1_NG.csv,0.18590720711706465,0.8821214273088172,0.05641047237245891,-0.03979821358539823,1
240119_일상검사_주_초_1-4-1_NG.csv,0.19524951742134464,0.626337174315254,0.20326555458530451,0.15189637152549446,0
240119_일상검사_주_초_1-5-1_NG.csv,0.12149663294575583,0.9479967208250493,0.2787457890875776,-0.13701489187657323,0
240119_일상검사_주_초_1-6-1_NG.csv,0.16098636526374624,0.6721255262786573,0.7321147672917294,0.133678695863487,0
240120_일상검사_주_중_1-4-1_NG.csv,0.157610691211255,0.07815160363206525,-0.2937149600156391,0.06389234101313054,0
240120_일상검사_주_초_1-1-1_OK.csv,0.11430101632465132,-0.173042851467601,-0.3996130682529639,0.20861106622578113,1
240120_일상검사_주_초_1-2-1_OK.csv,0.1470829097516526,1.2980176616805081,-0.13852892856213467,1.1863169026098013,1
240120_일상검사_주_초_1-3-1_NG.csv,0.14227175299883033,0.7347993234697154,-0.8568403020177532,-0.020738612713694538,0
240120_일상검사_주_초_1-4-1_NG.csv,0.14115948258012986,-0.3130384987320189,-0.39692311257728463,-0.45363922693934955,0
240120_일상검사_주_초_1-5-1_NG.csv,0.051678627519672185,-0.042363697455738196,-0.37350398030961585,-0.0712724367881783,0
240120_일상검사_주_초_1-6-1_OK.csv,0.1227075057805638,-0.055264408607443395,-0.5566708668272892,0.027322120596576963,1
240122_일상검사_야_중_1-1-1_OK.csv,0.08547249967322935,0.5383609160255227,0.052749901524171285,0.4609160876067858,1
240122_일상검사_야_중_1-3-1_OK.csv,0.09305218692079598,0.5951456719879588,0.21235133435439174,0.012150992634577695,1
240122_일상검사_야_중_1-5-1_OK.csv,0.1021579387765239,0.7436047066638756,0.1795892650971794,0.04773295056698078,1
240122_일상검사_야_초_1-1-1_OK.csv,0.11078905631433486,0.21625650916139036,0.6011654512339856,0.411403463927337,1
240122_일상검사_야_초_1-2-1_NG.csv,0.10047643198139421,0.5180022171701841,0.20096570280587095,0.044749604027799206,0
240122_일상검사_야_초_1-3-1_NG.csv,0.16380498471398813,0.647377253729206,0.11435107354029672,0.35756131691054355,0
240122_일상검사_야_초_1-4-1_NG.csv,0.12386723071474834,1.1374235213010033,0.2300913351286148,-0.1277168386949864,0
240122_일상검사_야_초_1-5-1_NG.csv,0.06829895644920178,0.7534477750351334,0.04879785275930335,-0.10195296294703582,0
240122_일상검사_야_초_1-6-1_NG.csv,0.10989510274625729,0.4883207447589921,-0.013508796487909227,0.3435952286807742,0
240122_일상검사_주_초_1-1-1_NG.csv,0.1430141371026159,0.6871558190689591,0.24985521778845238,0.03689727342555496,0
240122_일상검사_주_초_1-2-1_NG.csv,0.11891731568926912,0.5360238434303266,0.22222612759077112,0.2317005931761262,0
240122_일상검사_주_초_1-3-1_NG.csv,-0.049936613127978514,0.2836631563001767,0.06626964285278729,-0.112470101828902,0
240122_일상검사_주_초_1-4-1_NG.csv,0.1297416693443364,0.8189934872006275,0.22897945105952877,-0.042407280049522655,0
240122_일상검사_주_초_1-5-1_OK.csv,0.10248296357604571,0.49543884918920567,0.0037349922332368807,0.09539447856361258,1
240122_일상검사_주_초_1-6-1_NG.csv,0.15758137334865233,1.1406107049348537,0.15627559661572643,-0.5364240327919899,0
240122_일상검사_주_초_2-1-1_NG.csv,0.0887916915441242,0.48792962039179016,0.18511754019357832,-0.2588628707092724,0
240122_일상검사_주_초_2-2-1_NG.csv,0.1280348310354781,0.623649196246393,0.38719642450122904,0.21068117244077228,0
240122_일상검사_주_초_2-3-1_NG.csv,0.08972270437173108,0.7815887067924981,0.23213394508499688,0.038332147846137754,0
240122_일상검사_주_초_2-4-1_NG.csv,0.10535012626856796,0.43921609252331856,0.6099854300917608,-0.07073849976687849,0
240122_일상검사_주_초_2-5-1_NG.csv,0.12007141878848761,0.4657017917718255,0.19555008163747328,0.11884958071326568,0
240122_일상검사_주_초_2-6-1_NG.csv,0.06769482056205489,0.6925091142495263,0.2563408901555262,0.0933688392445782,0
240123_일상검사_야_초_1-1-1_OK.csv,0.09527889699874821,0.5501532500629092,0.13029218881863797,0.17365248347542347,1
240123_일상검사_야_초_1-2-1_OK.csv,0.10327282920394805,0.7214566447378293,-0.48647716774438754,-0.43313017351633054,1
240123_일상검사_야_초_1-3-1_NG.csv,0.1436462919931209,0.6961791964130433,0.11284385770297756,0.1106872561940119,0
240123_일상검사_야_초_1-4-1_NG.csv,0.12450408332075676,0.4497697686044471,0.11933098818017868,0.1491734441584442,0
240123_일상검사_야_초_1-5-1_OK.csv,0.08341630828594629,0.45686745644648585,0.6007846353489321,0.19391348268997566,1
240123_일상검사_야_초_1-6-1_NG.csv,0.09265715311272688,0.6784541356065015,0.11121153157071165,0.00038451669266834076,0
240123_일상검사_주_초_1-3-1_NG.csv,0.06418166244137591,0.4820142633439039,-0.08331433405904114,0.40048195243982215,0
240123_일상검사_주_초_1-4-1_NG.csv,0.060887672926981856,0.7167116052310909,0.1927426966433078,0.17944433146494423,0
240123_일상검사_주_초_1-5-1_NG.csv,0.02977673265392414,0.5316065968553428,-0.08059667743204119,0.043952670781161704,0
240123_일상검사_주_초_1-6-1_NG.csv,0.09034854598706096,1.0265571235496338,0.16947673088558124,0.18624187918930504,0
240124_일상검사_야_초_1-4-1_NG.csv,0.12050356094241069,0.5546455896980435,0.2338774321518235,0.167622794340083,0
240124_일상검사_야_초_1-5-1_NG.csv,0.12142979889325767,0.5747925963168105,0.17847108502261302,-0.12936839583633367,0
240124_일상검사_야_초_1-5-1_OK.csv,0.12142979889325767,0.5747925963168105,0.17847108502261302,-0.12936839583633367,1
240124_일상검사_야_초_1-6-1_OK.csv,0.10000092036790564,0.5506592386137997,0.38945700324938076,0.13198553176235536,1
240124_일상검사_주_초_2-6-1.csv,0.15482340459622324,0.628604121344321,0.0876109734891147,0.16872325171384686,1
240124_일상검사_주_초_2-6-1_OK.csv,0.15482340459622324,0.628604121344321,0.0876109734891147,0.16872325171384686,1
240125_일상검사_야_초_1-1-1_OK.csv,0.07198735708956505,0.3667363479538369,0.06836527217362583,0.004964390388501327,1
240125_일상검사_야_초_1-2-1_NG.csv,0.17600875835417717,0.8334417237797835,0.002993142789015947,-0.0023153499666118404,0
240125_일상검사_야_초_1-3-1_NG.csv,0.15523356045417716,0.20720025195262687,0.12731579252830708,0.31461162483623334,0
240125_일상검사_야_초_1-4-1_NG.csv,0.11645732606521307,0.5038363233737598,0.1399193015230625,0.10274882778919264,0
240125_일상검사_야_초_1-5-1_NG.csv,0.0908038690360933,0.5544978153493296,0.5668434202769113,0.26736136030901286,0
240125_일상검사_야_초_1-6-1_NG.csv,0.10884463697171995,0.9768537366237366,0.23874660796635128,-0.22368668717307205,0
240125_일상검사_야_초_2-1-1_NG.csv,0.159987599298861,0.4595584674566125,0.36712780583069127,0.00608378470204831,0
240125_일상검사_야_초_2-2-1_NG.csv,0.14251299527741515,0.9438747088169259,0.04884428535891744,-0.08262907202995752,0
240125_일상검사_야_초_2-3-1_OK.csv,0.09732185545122714,0.9079346592353281,-0.27517170860188644,0.18336422933773303,1
240125_일상검사_야_초_2-4-1_NG.csv,0.16328029049222895,0.6824680986713411,0.17205945073875137,0.4254659092864752,0
240125_일상검사_야_초_2-5-1_NG.csv,0.1770923990558305,0.8571957209324318,0.41071491516168407,-0.1507349912237759,0
240125_일상검사_야_초_2-6-1_NG.csv,0.19220778686351478,0.6253878786828615,-0.016249818850235003,-0.11957181356074112,0
240126_일상검사_야_중_1-1-1_OK.csv,0.0749034257836315,0.6598019515969086,0.012407274388233504,0.030683816753578952,1
240126_일상검사_야_중_1-2-1_OK.csv,0.08305719046931703,0.7090777713297137,-0.2294155033720611,-0.07775024069144237,1
240126_일상검사_야_중_1-3-1_OK.csv,0.04041026511634563,0.8219664954090877,0.11709452619762852,-0.13037923525822834,1
240126_일상검사_야_중_1-4-1_OK.csv,0.12534492528938274,0.6436664546155877,0.15384286391861804,0.07479974191851754,1
240126_일상검사_야_중_1-5-1_OK.csv,0.09276492262236871,0.8500061155857622,0.1870314524404774,-0.17205732196822135,1
240126_일상검사_야_중_1-6-1_OK.csv,0.13787392650990288,0.6924042005788331,0.21962006431970282,0.03540983073459575,1
240126_일상검사_야_중_2-1-1_OK.csv,0.07001765862483089,-0.1776898617307408,-0.07102460472408542,-0.4440274019313835,1
240126_일상검사_야_중_2-2-1_OK.csv,0.11490033741731327,0.7199360132712173,0.012413505162837464,-0.25849274952266366,1
240126_일상검사_야_중_2-3-1_NG.csv,0.08974381288915928,0.9112790916582609,0.3042276657640301,-0.11524011044106859,0
240126_일상검사_야_중_2-4-1_OK.csv,0.12955386317787446,1.0781111262562448,-0.12857518078031677,-0.16611751223831328,1
240126_일상검사_야_중_2-5-1_OK.csv,0.09961292898837487,0.8546817662941276,-0.025204132496311635,-0.09782112073053638,1
240126_일상검사_야_중_2-6-1_OK.csv,0.04616384577035207,-0.17611642471038005,-0.029652062677239716,-0.32631334502771875,1
240126_일상검사_야_초_1-1-1_OK.csv,0.08746323020735847,0.505418898447343,0.17685095041113708,0.17915721589243794,1
240126_일상검사_야_초_1-2-1_NG.csv,0.1293202125823404,0.6669942685838264,-0.2458344324435417,0.09490284821121317,0
240126_일상검사_야_초_1-3-1_NG.csv,0.13077895358311553,0.8901212428708358,-1.4200944813176988,0.11348010024026324,0
240126_일상검사_야_초_1-4-1_NG.csv,0.12410978637483858,0.6781472972963679,0.18776453455493083,0.21850775702847808,0
240126_일상검사_야_초_1-5-1_OK.csv,0.08974938701714645,0.7148005015585491,0.2921615899387504,0.06464254416870636,1
240126_일상검사_야_초_1-6-1_NG.csv,0.16646305128095568,0.8283003487100222,0.13850420928852383,0.007352821086108935,0
240126_일상검사_야_초_2-1-1_NG.csv,0.1420633671402294,0.7572131767010375,0.15076544437246994,0.0266837730364754,0
240126_일상검사_야_초_2-2-1_OK.csv,0.04864576873250194,0.8889049586241111,-0.1546272784355508,-0.2239139837529862,1
240126_일상검사_야_초_2-3-1_OK.csv,0.07473836289563349,0.6687939558448623,-0.02773601102341803,-0.032008842972636425,1
240126_일상검사_야_초_2-4-1_NG.csv,0.13212682017195607,0.8372247478584995,-0.13638320207334229,-0.1200518705515586,0
240126_일상검사_야_초_2-5-1_OK.csv,0.1016919427727285,0.8847015551720943,0.3283538924463244,-0.18888042588683,1
240126_일상검사_야_초_2-6-1_NG.csv,0.09043220230752609,0.7607074754063172,0.15745453090315975,0.10284431709572199,0
240202_일상검사_야_중_1-1-1_OK.csv,0.05389980634735672,0.4458175837221571,-0.6350166463016693,0.18175806109241602,1
240202_일상검사_야_중_1-5-1_OK.csv,0.03306196989068613,0.5811282542685002,-0.3166326760571262,0.025449078044272475,1
240202_일상검사_야_중_2-1-1_OK.csv,0.019300845035109863,0.7482850426266516,-0.1773886924416258,-0.03022961592571477,1
240202_일상검사_야_중_2-3-1_OK.csv,0.05818854858929874,0.6845493011929411,0.03927495708570798,0.048206185138550614,1
240202_일상검사_야_중_2-4-1_NG.csv,0.11442882785435608,0.2784511358582604,-0.14257584453748506,-0.05757576476634939,0
240202_일상검사_야_초_1-1-1_OK.csv,0.10680092769931425,0.7255993507551786,0.15434510252981334,-0.12034619791470498,1
240202_일상검사_야_초_1-2-1_NG.csv,0.1463432247600389,0.9144433050881773,0.23104136485104815,0.18491873204881518,0
240202_일상검사_야_초_1-3-1_NG.csv,0.2022939772642533,0.5556214038008072,0.24143517751233995,0.0323305898466686,0
240202_일상검사_야_초_1-4-1_NG.csv,0.18007680610566076,0.6195860372460105,0.26769257134509605,0.016321381070621144,0
240202_일상검사_야_초_1-5-1_NG.csv,0.128850468393127,0.7246888345350935,-0.22376374184511735,0.19736215515512107,0
240202_일상검사_야_초_1-6-1_NG.csv,0.189568259360629,0.9309597847473143,0.27273850710520414,-0.1405406665308065,0
240203_일상검사_야_초_1-1-1_OK.csv,0.09198223674890069,0.6104307883004432,-0.07425647342491815,-0.06168464851110805,1
240203_일상검사_야_초_1-2-1_OK.csv,0.08466303255777148,0.5520541717251257,0.4796713859871322,-0.32300486740380063,1
240203_일상검사_야_초_1-3-1_OK.csv,0.04705234928171079,0.855396566228404,0.12757821508579284,-0.22738956464824187,1
240203_일상검사_야_초_1-4-1_NG.csv,0.008082635806777294,0.5193280637065951,0.24878367502217302,-0.12080638567796616,0
240203_일상검사_야_초_1-5-1_NG.csv,-0.02090452398051466,0.9361560783284719,0.4496834226236658,-0.5668330121016766,0
240203_일상검사_야_초_1-6-1_NG.csv,-0.010758127570192063,0.6597158278014362,0.08557455233962753,-0.25374424530911643,0
240205_일상검사_야_초_1-1-1_OK.csv,0.09190746598088174,0.6688350701024559,0.23972209354833174,-0.2151329999935431,1
240205_일상검사_야_초_1-2-1_OK.csv,0.03644106814659064,0.9122592791213548,0.08034908249027502,-0.35510299462384587,1
240205_일상검사_야_초_1-3-1_OK.csv,-0.008629257847189731,0.6402378968877577,0.1548867858896064,-0.26353682586009153,1
240205_일상검사_야_초_1-4-1_OK.csv,-0.0056239327915918015,0.5077988519133173,-0.015412384637397018,-0.38837657719443924,1
240205_일상검사_야_초_1-5-1_OK.csv,-0.04211173991040711,0.6935950381943797,0.1551843918562798,-0.27475435091507544,1
240205_일상검사_야_초_1-6-1_OK.csv,0.003121591216464952,0.7746569376538661,0.1264292632268928,-0.12615689596324825,1
240205_일상검사_야_초_2-1-1_OK.csv,0.13656585790707226,0.7128245179703281,-0.09959160819012912,-0.099215804241965,1
240205_일상검사_야_초_2-2-1_OK.csv,0.09124000636962463,0.42012847440193635,0.4174356871406957,0.08837040488902591,1
240205_일상검사_야_초_2-3-1_OK.csv,0.04715591527729556,0.6124304965658497,-0.023847902844179834,-0.23101252462770872,1
240205_일상검사_야_초_2-4-1_OK.csv,0.10846152205994772,0.5573451174412037,-0.06777733636304521,0.10998039542577256,1
240205_일상검사_야_초_2-5-1_OK.csv,0.14513171930399665,0.68409501886096,-0.17172681538687462,-0.11489535584912389,1
240205_일상검사_야_초_2-6-1_OK.csv,0.025625531730936957,-0.36882794971991106,0.03514954612073372,-0.11974418973614337,1
240207_일상검사_야_초_2-1-1_OK.csv,0.042997350304796775,0.7516288007950134,-0.11000937482294657,-0.3190092508194557,1
240207_일상검사_야_초_2-2-1_OK.csv,0.06232101825621823,0.4526793200966659,1.8493047239527087,-0.10464297142034677,1
240207_일상검사_야_초_2-3-1_OK.csv,0.053460826750965806,0.3478526687460506,0.7922177924162039,-0.17233501751993757,1
240207_일상검사_야_초_2-4-1_OK.csv,0.05118450603721986,0.5392579737227731,-0.056008468061931604,-0.05900056517890765,1
240207_일상검사_야_초_2-5-1_OK.csv,0.03975139868638321,0.4520965895426827,-0.029642442787086543,-0.11282648244554025,1
240207_일상검사_야_초_2-6-1_OK.csv,0.12435989799326651,0.48079629209214436,-0.00043672497397290785,-0.09367644737140765,1
240208_일상검사_야_중_2-1-1_OK.csv,0.048516225518520084,0.724535646570696,0.3479565973326506,-0.18177776238018412,1
240208_일상검사_야_중_2-2-1_OK.csv,0.04735238434612877,0.6355858648034061,0.45639900416438306,-0.18108907682325395,1
240208_일상검사_야_중_2-3-1_OK.csv,0.046841172573101324,0.5465419065864794,0.4251953740322586,-0.043172314101205866,1
240208_일상검사_야_중_2-4-1_OK.csv,0.05366266023443113,0.5937611400098289,0.4716903326770887,-0.10686979642614072,1
240208_일상검사_야_초_1-1-1_OK.csv,0.10586155247356158,0.6960987976023465,0.17130022521163232,-0.09453009040182685,1
240208_일상검사_야_초_1-2-1_OK.csv,0.11513915457531998,0.7906189029719815,0.28084875397386677,-0.1482894476036759,1
240208_일상검사_야_초_1-3-1_OK.csv,0.10500247342431458,0.6710098131469917,0.10801751831816242,-0.14351155354450507,1
240208_일상검사_야_초_1-4-1_OK.csv,0.11404678440813121,0.6765389584823861,0.17413799663525037,-0.157498794125253,1
240208_일상검사_야_초_1-5-1_OK.csv,0.07629683658710414,0.39333844987425187,-0.03842891321801144,-0.050022432882996654,1
240208_일상검사_야_초_1-6-1_OK.csv,0.07809316323284211,0.5435531721519069,-0.0023547898315215993,-0.14401676917159267,1
2402106_일상검사_야_중_1-1-1_OK.csv,0.07138274263577224,0.5216079194651155,0.07929555121612544,-0.13077780305019351,1
2402106_일상검사_야_중_1-2-1_OK.csv,0.0530296799474634,0.5694100831325347,0.022182542579388786,-0.03523353175306046,1
2402106_일상검사_야_중_1-3-1_NG.csv,0.15569966571168026,0.7496317813493503,0.24426906859870723,0.001224986334549219,0
2402106_일상검사_야_중_1-4-1_NG.csv,-0.018832159958679588,0.8396234453176239,0.15339165537065558,-0.20706711132857908,0
2402106_일상검사_야_중_1-5-1_NG.csv,0.0024711813007389748,0.462209138239845,0.12917765698954045,-0.24044339599845793,0
2402106_일상검사_야_중_1-6-1_NG.csv,-0.01118814922657625,0.9315871734792045,0.04257345755940921,-0.3764685627761001,0
2402106_일상검사_야_초_1-1-1_OK.csv,0.10034925765121447,0.6277050488539297,0.35065461025600986,0.017870681744448447,1
2402106_일상검사_야_초_1-2-1_OK.csv,0.07248617310347512,0.27431615883872673,0.17151536219337687,-0.04009227901391369,1
2402106_일상검사_야_초_1-3-1_OK.csv,0.022054053689298015,0.5419230861116929,-0.036221862574757804,-0.21515919694522165,1
2402106_일상검사_야_초_1-4-1_OK.csv,0.01344200513881397,0.5070730985361892,0.21725633388336713,-0.2898801211481963,1
2402106_일상검사_야_초_1-5-1_OK.csv,-0.04097139459999216,0.7673771575800414,0.13055896272531753,-0.1503318909772626,1
2402106_일상검사_야_초_1-6-1_OK.csv,-0.040719472906243975,0.7470315953718012,0.1880982410425313,-0.22808869345802688,1
2402106_일상검사_야_초_2-1-1_NG.csv,0.12781236289449974,0.7108432291767183,0.29330108271156774,-0.06868373891046212,0
2402106_일상검사_야_초_2-2-1_NG.csv,0.1495735451942686,0.8272695633519045,0.02452300745133936,0.16136177847591254,0
2402106_일상검사_야_초_2-3-1_NG.csv,0.11846881079221609,0.9209304017796569,0.15688553631653243,-0.31576001902714546,0
2402106_일상검사_야_초_2-4-1_NG.csv,0.12569086806033836,0.477232002797958,0.003534560668332038,-0.029497787679815406,0
2402106_일상검사_야_초_2-5-1_NG.csv,0.07649397075063336,0.5091735815519197,-0.16934342571760602,0.11064512676792851,0
2402106_일상검사_야_초_2-6-1_OK.csv,0.09344698802004787,0.6316172274274342,0.06518915540001986,-0.05155558810636934,1
240212_일상검사_주_초_1-5-1_NG.csv,-0.023907598789633222,0.5681433408331614,-0.042100227012798475,-0.2191076227898781,0
240212_일상검사_주_초_2-4-1_NG.csv,0.030240826528622363,0.6538884068428936,-0.2612098634245629,-0.13124060625635123,0
240213_일상검사_야_중_1-1-1_OK.csv,0.07100719034989846,0.5407361002948288,-0.545924447610164,0.1685814966500399,1
240213_일상검사_야_중_1-2-1_OK.csv,0.10713025853935562,0.6707017395323326,0.04048608016881787,-0.14825275788669257,1
240213_일상검사_야_중_1-4-1_OK.csv,0.07827067414777222,0.682002036147811,-0.12007752827189189,0.05665840353412818,1
240213_일상검사_야_중_1-6-1_OK.csv,0.10604679466493998,0.5043664528842056,0.01723871172499329,-0.1337769196559734,1
240213_일상검사_야_초_1-1-1_OK.csv,0.0456094826894935,0.23191325922010492,0.33328602725529666,0.3896032851121811,1
240213_일상검사_야_초_1-2-1_OK.csv,0.0846630325577715,0.5520541717251257,0.4796713859871322,-0.32300486740380063,1
240213_일상검사_야_초_1-3-1_OK.csv,-0.02777786905851937,0.40726595291791123,-0.040363991305959454,-0.33477284003806995,1
240213_일상검사_야_초_1-4-1_NG.csv,-0.018336426519132996,0.37878419373417643,-0.1202539954770976,-0.203348110165265,0
240213_일상검사_야_초_1-4-1_OK.csv,0.07717882370604967,0.6316869135258149,-0.03006870968888303,-0.15341641101474335,1
240213_일상검사_야_초_1-5-1_OK.csv,0.07243972251510479,0.6595004510838721,0.03927851490738559,-0.19874535767591206,1
240213_일상검사_야_초_1-6-1_OK.csv,0.07692138997465901,0.5387082142834927,0.004328390861409764,-0.10947631646189268,1
240214_일상검사_야_중_1-3-1_NG.csv,0.034050520113526536,-0.0035402831449212885,-0.05918890558113857,0.2572630024297923,0
240214_일상검사_야_중_1-3-1_OK.csv,0.06681526912800834,0.5658636226486135,0.08209720007832058,-0.08294549395559098,1
240214_일상검사_야_중_1-4-1_NG.csv,0.039318186171932945,0.35600930030294387,-0.23823141360579228,0.15405532480053033,0
240214_일상검사_야_중_1-4-1_OK.csv,0.045595033746993724,0.5183963097086511,-0.1553217656735948,-0.08606057294100938,1
240214_일상검사_야_중_2-4-1_NG.csv,-0.020172494968656023,0.30825565657959714,-0.10665102833788764,-0.18754559254613642,0
240214_일상검사_야_중_2-6-1_NG.csv,0.11441727835218124,0.1472065185160304,-0.14907068422680353,0.42513040167105737,0
240214_일상검사_야_중_2-6-1_OK.csv,0.042011170496886185,0.36384366112163374,-0.04695114814916725,-0.1646367817425836,1
240214_일상검사_야_초_1-1-1_OK.csv,0.0339676533644215,0.4389657450734954,-0.33594862238198137,-0.1393592370001048,1
240214_일상검사_야_초_1-2-1_OK.csv,0.08028041223939755,0.37289776161233357,-0.20509491567893387,-0.005385891573228843,1
240214_일상검사_야_초_1-3-1_NG.csv,0.2099628755929599,0.8299711691712671,-0.08956284753725276,-0.13520144759173075,0
240214_일상검사_야_초_1-4-1_NG.csv,0.09431723390336194,0.15366631301617106,-0.2652509124347208,0.5149375487658383,0
240214_일상검사_야_초_1-5-1_OK.csv,-0.0035364222750217207,0.48668055122672194,-0.19937118547964255,-0.043586076715614104,1
240214_일상검사_야_초_1-6-1_OK.csv,0.04450629870396864,0.3404900111987417,2.079677533731293,0.08375375316312239,1
240214_일상검사_야_초_2-1-1_OK.csv,0.06599542199640514,0.25868206921183073,-0.08992012436608454,0.04659269792291136,1
240214_일상검사_야_초_2-2-1_OK.csv,0.05851624815177968,0.5682441945726994,-0.1879113639713733,-0.04902116920937501,1
240214_일상검사_야_초_2-3-1_OK.csv,0.04998774170039649,0.7074319142544546,-0.5377147054662565,0.06872530907398747,1
240214_일상검사_야_초_2-4-1_NG.csv,-0.0013255136047737445,0.2749427168456327,-0.20295246767560746,0.1036488728093338,0
240214_일상검사_야_초_2-5-1_OK.csv,0.05293266086036149,0.36215991182454155,-0.10862556566885812,0.19487297605680687,1
240214_일상검사_야_초_2-6-1_NG.csv,0.1063648870744078,0.42656164268060726,-0.058392423921236634,0.06005885889533329,0
240215_일상검사_야_중_1-1-1_OK.csv,0.08260141305462756,0.9473303891230132,-0.2015064995556905,-0.16960620614924155,1
240215_일상검사_야_중_1-5-1_NG.csv,-0.00856026483841453,-0.13407431978697507,-0.26742592191358605,0.2904225158585674,0
240215_일상검사_야_중_2-4-1_NG.csv,-0.0012560601344593914,0.3499231196790769,0.23855649249512156,-0.12504341276762693,0
240215_일상검사_야_중_2-4-1_OK.csv,0.05108027316694412,0.5741969959339016,-0.17109167529435135,-0.2955308739687428,1
240215_일상검사_야_중_2-6-1_OK.csv,0.08093820263287657,0.30498950927113394,-0.2868529733440864,0.02630157056115426,1
240215_일상검사_야_초_1-1-1_NG.csv,0.06514605617558045,1.2599719261188724,-0.24069665989825773,-0.4788225812718112,0
240215_일상검사_야_초_1-1-1_OK.csv,0.07798680514140799,1.0205180608058297,-0.48598829081960065,-0.38705189437917564,1
240215_일상검사_야_초_1-2-1_NG.csv,0.028720006928495977,0.2740817330005471,-0.16862123533612167,0.40040402593104135,0
240215_일상검사_야_초_1-2-1_OK.csv,0.05040658909660301,0.4215878365933125,-0.007086297573367989,-0.28978876764182615,1
240215_일상검사_야_초_1-3-1_NG.csv,0.10543433685229639,0.40472428309174024,-0.125378905787362,0.109839872741738,0
240215_일상검사_야_초_1-3-1_OK.csv,0.1315404224979241,0.3991964006461305,-0.08782074031944272,0.1899472872661817,1
240215_일상검사_야_초_1-4-1_NG.csv,0.10295671936813336,0.970083116148591,-0.1536473616172436,-0.4573286899179704,0
240215_일상검사_야_초_1-5-1_NG.csv,0.011225793849550775,0.5421301336291406,-0.18457296198566667,-0.035085033663914716,0
240215_일상검사_야_초_1-6-1_NG.csv,0.06566766804256569,0.2610430243169262,0.24188200251239245,-0.09400725591177969,0
240215_일상검사_야_초_1-6-1_OK.csv,0.06566766804256569,0.2610430243169262,0.24188200251239245,-0.09400725591177969,1
240215_일상검사_야_초_2-1-1_OK.csv,0.033097792094063896,0.3361896613108439,-0.3357267956048987,0.12317199078214472,1
240215_일상검사_야_초_2-2-1_OK.csv,0.03057186921431942,-0.24527415235066885,-0.10503192664146668,0.43443130659322154,1
240215_일상검사_야_초_2-3-1_OK.csv,0.04566659663349534,0.46755374170474573,-0.14868280631495512,0.08221295096970019,1
240215_일상검사_야_초_2-4-1_NG.csv,0.014934959259650169,0.34499519574225845,-0.23815668202232318,-0.12604559591697068,0
240215_일상검사_야_초_2-5-1_OK.csv,0.05576478559902363,0.35290571343645205,-0.04833348131211219,-0.12120341068120138,1
240215_일상검사_야_초_2-6-1_NG.csv,0.1271459236941733,0.291213741979219,-0.0720181048225923,0.12137295471550166,0
240215_일상검사_주_중_1-5-1.csv,-0.003052402356803624,0.14303414826227556,-0.4064324188155126,-0.6172049547160462,1
240216_일상검사_야_중_2-5-1_OK.csv,0.07211331742907147,0.5945173854821169,-0.11960301470012971,-0.04175657932086236,1
240216_일상검사_야_중_2-6-1_OK.csv,0.08604029175354995,0.6214382923718255,-0.15314464763269475,-0.14273385180909795,1
240216_일상검사_야_초_2-1-1_OK.csv,0.04523384963325584,-0.4803015143786219,-0.21755172419186278,0.8751276634863052,1
240217_일상검사_야_초_1-1-1_OK.csv,0.04762611511533468,-0.8073559890076387,-0.24566659891154113,0.7801294277977409,1
240217_일상검사_야_초_1-2-1_OK.csv,0.0885637243001154,0.5032337614711743,-0.2524870248679012,0.07767151554481307,1
240217_일상검사_야_초_1-3-1_OK.csv,0.06826686344495862,0.21930921697543337,-0.38318113842057205,0.11080596509748675,1
240217_일상검사_야_초_1-4-1_OK.csv,0.11014089722962929,0.4542533478593605,-0.22690762216886778,0.06483284024968954,1
240217_일상검사_야_초_1-5-1_OK.csv,0.039942574488968624,0.7265233716524839,-0.11476725283925615,-0.15714304456688943,1
240217_일상검사_야_초_1-6-1_OK.csv,0.07754278292526968,0.35639828031255505,-0.017457788061652848,0.07271510371614859,1
240217_일상검사_야_초_2-1-1_OK.csv,0.12495200342960691,0.19425640343313208,-0.11468309730884518,0.19790370497255422,1
240217_일상검사_야_초_2-2-1_OK.csv,0.0627948854987754,-0.175794138453906,-0.12900923509218726,0.7885628387145084,1
240217_일상검사_야_초_2-3-1_OK.csv,0.0837639493285802,0.5243931722489235,-0.23633994947226056,-0.042038310511943455,1
240217_일상검사_야_초_2-4-1_OK.csv,0.07653413025739784,0.6274264224052273,-0.14172718041898263,0.002887922782762259,1
240217_일상검사_야_초_2-5-1_OK.csv,-0.004045487801838364,0.5282363339255784,-0.16790184691813412,-0.06585845885981467,1
240217_일상검사_야_초_2-6-1_OK.csv,0.09687399576952298,0.4873681221816146,-0.24112875296805375,-0.037251904960048335,1
240219_일상검사_야_중_1-1_1_OK.csv,0.07828278946686007,0.28784298575861295,-0.21366975418701545,-0.008173958101110587,1
240219_일상검사_야_중_1-3_1_OK.csv,0.09639915892540578,0.3318833895343884,-0.1316317110689162,-0.0321338251291286,1
240219_일상검사_야_중_1-6_1_OK.csv,0.037209489844807056,0.5967863994922826,-0.5135824609722432,-0.05822381953486486,1
240219_일상검사_야_중_2-2_1_OK.csv,0.05123947599067975,0.7624960217094179,-0.2879882805820193,-0.1694140377789533,1
240219_일상검사_야_중_2-4_1_OK.csv,0.09353744303949638,0.6907427913907516,-0.44377301193385543,0.01331160791364186,1
240219_일상검사_야_중_2-6-1_OK.csv,0.09145408858545505,0.6502679726208366,-0.18123624756457274,0.20535046033647245,1
240219_일상검사_야_초_1-1-1_NG.csv,0.016799558624484387,0.4678846419980923,-0.31876562045239604,-0.08001015414062239,0
240219_일상검사_야_초_1-2-1_OK.csv,0.0636816299578677,0.4133255539587898,-0.4898965426818882,0.020953315268322774,1
240219_일상검사_야_초_1-3-1_OK.csv,0.09308655259589642,0.47516530488417885,-0.24952424187460492,-0.0850213682360845,1
240219_일상검사_야_초_1-4-1_OK.csv,0.11948598634073485,0.7458313470335907,-0.5932475295934456,-0.006993242723806234,1
240219_일상검사_야_초_1-5-1_OK.csv,0.014911632568173148,0.5771344689625783,-0.14992042533168798,0.02902826715993409,1
240219_일상검사_야_초_1-6-1_OK.csv,0.045307783791763534,0.4810566417207291,-0.2008578091060894,0.09556692398570524,1
240219_일상검사_야_초_2-1-1_OK.csv,0.05332050937541654,0.4272046246054505,-0.1807404057727014,0.047427460837450336,1
240219_일상검사_야_초_2-2-1_OK.csv,0.03623843103956287,0.584069825950457,-0.2153231249782792,-0.12447022041030868,1
240219_일상검사_야_초_2-3-1_OK.csv,0.005341962653406475,0.5646396587353232,-0.08581607412987703,-0.016625382146667214,1
240219_일상검사_야_초_2-4-1_OK.csv,0.10807944367370478,0.36191137960065645,-0.2912704076687282,-0.09619235880338967,1
240219_일상검사_야_초_2-5-1_OK.csv,0.06706628708611984,0.4663749121450117,-0.2590465458101253,0.1147853473727996,1
240219_일상검사_야_초_2-6-1_NG.csv,0.13420762718115917,0.5448924146841236,0.20396435013569092,0.01928473131967985,0
240220_일상검사_야_중_1-1-1_OK.csv,0.0693324485677282,0.7828997199239522,-0.3070932539557221,-0.01885509905613872,1
240220_일상검사_야_중_1-3-1_OK.csv,0.0601734297211256,0.2593939600117418,-0.28720688560502405,-0.26613259034208986,1
240220_일상검사_야_중_1-5-1_OK.csv,0.06348639506577393,0.3469813621611263,-0.25499073543214995,-0.1767871081639817,1
240220_일상검사_야_초_1-1-1_OK.csv,0.08973989660945392,0.4810558781319265,-0.14246335422675183,0.14880940025204079,1
240220_일상검사_야_초_1-2-1_OK.csv,0.06714948181634,0.4551704289660037,-0.4909108156044515,-0.2049783067752975,1
240220_일상검사_야_초_1-3-1_NG.csv,0.013463333786360922,0.611463845187198,-0.3156230329009301,-0.3204498684872786,0
240220_일상검사_야_초_1-4-1_OK.csv,0.07296071121721419,0.5402402328973797,-0.15720382937370778,0.1930447006006674,1
240220_일상검사_야_초_1-5-1_NG.csv,0.014948954190609196,0.40163994833642425,-0.29036476795822896,-0.03863970884487763,0
240220_일상검사_야_초_1-6-1_OK.csv,0.05084318735424855,0.277298577467574,-0.2835337184230028,-0.0035389807347145086,1
240221_일상검사_야_중_2-1-1_OK.csv,0.06354940361061948,0.6103544464087753,-0.20607880612048401,-0.1662772068807482,1
240221_일상검사_야_중_2-2-1_OK.csv,0.08899346635872438,0.48845686458848137,-0.007952142020676992,0.07763351004869866,1
240221_일상검사_야_중_2-3-1_OK.csv,0.06871162550252152,0.5141732753668071,0.17058264999110526,0.20755969806259253,1
240221_일상검사_야_중_2-4-1_NG.csv,0.13362743766650872,0.5690187580455954,-0.07851119821723637,0.05452967025887964,0
240221_일상검사_야_중_2-5-1_OK.csv,0.03791039694724638,0.1597971176566878,-0.1681163475949234,0.10878882716647365,1
240221_일상검사_야_중_2-6-1_OK.csv,0.12435989799326651,0.48079629209214436,-0.00043672497397290785,-0.09367644737140765,1
240222_일상검사_야_초_1-1-1_OK.csv,0.08186924910194564,0.2880184588861613,0.03655767050597036,0.005747667148540915,1
240222_일상검사_야_초_1-2-1_OK.csv,0.10998288924203532,0.32809118216537864,-0.2941009102367991,0.38002451157601275,1
240222_일상검사_야_초_1-3-1_OK.csv,0.14766665807289467,1.615270027758005,-0.05697195380186086,-0.6050964343259081,1
240222_일상검사_야_초_1-4-1_OK.csv,0.05510510030223762,0.3854710220420505,-0.20713068526064532,0.1282739374048265,1
240222_일상검사_야_초_1-5-1_NG.csv,0.007866145567895362,0.5418607308307745,-0.24363129735277633,0.1596272462875992,0
240222_일상검사_야_초_1-6-1_OK.csv,0.04521776679713365,0.5375826295549911,0.15669760462154836,0.23088577607088878,1
240222_일상검사_야_초_2-1-1_OK.csv,0.05404320680194016,0.40057785086629627,-0.033792798157089035,0.09913220152652855,1
240222_일상검사_야_초_2-2-1_OK.csv,0.07704233560642464,0.490035289625876,0.15948109885556563,0.1249661647419949,1
240222_일상검사_야_초_2-3-1_OK.csv,0.04867736628502823,0.9640309476317713,-0.11556311382162052,-0.21479293141517974,1
240222_일상검사_야_초_2-4-1_NG.csv,0.12709471855686055,0.436991181652247,-0.26168000744688735,0.1942270221665756,0
240222_일상검사_야_초_2-5-1_OK.csv,0.06702573050315755,0.5468558532133379,-0.3327861871290518,-0.1362994882800295,1
240222_일상검사_야_초_2-6-1_OK.csv,0.13991888328281413,0.526840978301921,-0.2702192500527507,0.1256932305269294,1
240222_일상검사_주_중_2-1-1.csv,0.03956861432873645,0.38343184730281976,-0.14328102460982628,-0.49073947732493606,1
240223_일상검사_야_중_1-1-1_OK.csv,0.070049839220018,0.7662357028517117,-0.4134975638685983,-0.49839641431528636,1
240223_일상검사_야_중_1-4-1_OK.csv,0.09362815820551514,0.4174705105473052,-0.21475587588612038,0.07287955886224544,1
240223_일상검사_야_중_2-1-1_OK.csv,0.06477987502484978,-0.11095364555429105,-0.28628705223089995,0.29357089762684646,1
240223_일상검사_야_중_2-4-1_OK.csv,0.11169529490053964,0.4172169728290973,-0.07178295582778223,0.04037537515885109,1
240223_일상검사_야_중_2-6-1_OK.csv,0.11765200681037212,0.39504555132694674,-0.1575577508822945,-0.1987454810290094,1
240223_일상검사_야_초_1-1-1_OK.csv,0.25252343048579884,0.5369243924997117,-0.06871265658549533,-0.1034203525581811,1
240223_일상검사_야_초_1-2-1_OK.csv,0.10269052644824317,0.6274128205287701,-1.9099185883687801,0.34141636040257156,1
240223_일상검사_야_초_1-3-1_OK.csv,0.07878720749947134,0.38027470848488876,-0.08951653765662412,-0.033520861398158415,1
240223_일상검사_야_초_1-4-1_NG.csv,0.12941174730973912,0.9156509299025919,0.0027383688479207385,-0.06180718808903185,0
240223_일상검사_야_초_1-5-1_OK.csv,0.024628476453237264,0.42096375286615906,-0.9863149004724163,0.029727943429579018,1
240223_일상검사_야_초_1-6-1_OK.csv,0.04280152608817406,0.22013475034611435,-0.19152280696173324,-0.2836507636887301,1
240223_일상검사_야_초_2-1-1_OK.csv,0.060435931971081054,0.2831922841459066,0.7127897165672529,0.7922273374047775,1
240223_일상검사_야_초_2-2-1_OK.csv,0.05563915006862626,0.43936430725523945,-0.24441081596175418,-0.2974604186925407,1
240223_일상검사_야_초_2-3-1_OK.csv,0.08367133873911142,0.7747657885666928,-0.10738581396247306,-0.09358460825336964,1
240223_일상검사_야_초_2-4-1_NG.csv,0.07405216398193319,-1.8038225554646323,-0.6105533755915988,1.3817887345382194,0
240223_일상검사_야_초_2-5-1_OK.csv,0.05749729382828313,0.5818954687384517,-0.07931842912892798,-0.2116320445298736,1
240223_일상검사_야_초_2-6-1_NG.csv,0.17568953022318234,0.9713031688533817,-0.11309748237710228,-0.07106957972196139,0
240224_일상검사_야_초_1-4-1_OK.csv,0.08925695900516971,0.5566829683654853,-0.2573380208453966,-0.15087890435094747,1
240224_일상검사_야_초_1-5-1_OK.csv,0.03798541161682401,0.06431308695254984,-0.24524995665758875,0.11463921488650233,1
240225_일상검사_주_초_1-1-1_OK.csv,0.08650714473418741,-0.63495843438953,0.19649969277343565,-0.06757692821784173,1
240225_일상검사_주_초_2-3-1_OK.csv,0.030093764808757677,-0.6230399992169938,0.7150469511757191,-0.21657362309633452,1
240226_일상검사_야_중_1-1-1_OK.csv,0.06737930877049422,-1.02539864615739,0.6715864480740312,-0.015422929679193814,1
240226_일상검사_야_중_1-3-1_OK.csv,0.04487273226841926,-0.6225164518747448,0.38417001202179535,-0.2732636008759899,1
240226_일상검사_야_중_1-5-1_OK.csv,0.03375431056703812,-0.5964073375479683,0.14239560033052867,-0.2695986708154264,1
240226_일상검사_야_중_2-2-1_OK.csv,0.0910240545766971,-1.2429447373636204,0.2812434634365687,0.026585924104676306,1
240226_일상검사_야_중_2-4-1_OK.csv,0.06514907250109539,-1.2234356746198096,0.41856796631894133,-0.29228314314077797,1
240226_일상검사_야_중_2-6-1_OK.csv,0.09991813091009054,-1.0715122848222274,0.2641969109606119,0.08391009593314569,1
240226_일상검사_야_초_1-1-1_OK.csv,0.06626617391721157,-0.8643896162282527,0.47012403333748104,-0.05214410594398891,1
240226_일상검사_야_초_1-2-1_OK.csv,0.07418893662667851,-0.9649560784034217,0.5910811262418432,0.012633681677356956,1
240226_일상검사_야_초_1-3-1_OK.csv,0.09295698570931349,-0.9600996110985621,-0.015395634356280788,0.04217961814755328,1
240226_일상검사_야_초_1-4-1_OK.csv,0.10325283022252034,-0.9752277019955069,0.4600766834655098,0.08164729298944584,1
240226_일상검사_야_초_1-5-1_OK.csv,0.05514178952782031,-0.8913929410464707,0.5321175755959768,-0.3311350306067871,1
240226_일상검사_야_초_1-6-1_OK.csv,0.04276327121606754,-0.9312804938654766,0.3611346819152799,-0.14837404126087228,1
240226_일상검사_야_초_2-1-1_OK.csv,0.024421230968266695,-0.7061645132963648,0.5202484201040505,-0.25361811367771975,1
240226_일상검사_야_초_2-2-1_OK.csv,0.027775835991307948,-0.7740658819938653,0.004441353658670169,-0.31089643600646993,1
240226_일상검사_야_초_2-3-1_OK.csv,-0.04240425612517866,-0.6815585655163268,0.277840305747294,-0.42037668168758874,1
240226_일상검사_야_초_2-4-1_OK.csv,0.07364137913680853,-0.9766848439504782,-0.7682216814133178,-0.1952022785316015,1
240226_일상검사_야_초_2-5-1_OK.csv,0.02793322362709775,-0.8938037360352062,0.43576088236582833,-0.17003859897599394,1
240226_일상검사_야_초_2-6-1_OK.csv,0.07021236324690792,-0.9011237871619069,0.36448256080775976,-0.06377622513161438,1
240226_일상검사_주_초_2-5-1.csv,-0.021289985540790604,-1.4015667484040368,-0.03884760384221668,0.2733994751780657,1
240229_일상검사_야_중_1-1-1_NG.csv,-0.0297144938658363,-0.4748399913470942,0.2619186800499832,-0.22415633227384174,0
240229_일상검사_야_중_1-1-1_OK.csv,0.06894871458078958,-0.8749552482237015,0.5687652050008156,0.08185878742311671,1
240229_일상검사_야_중_1-2-1_OK.csv,0.05488460854570134,-0.28281196124674923,0.5091957609054955,-0.4757373111828458,1
240229_일상검사_야_중_1-3-1_OK.csv,0.06464133950108153,-0.933422143576537,0.573805384315023,0.1461468749946533,1
240229_일상검사_야_중_1-4-1_OK.csv,0.05060296367421706,-0.6417083477306256,-0.30373096704538327,-0.17558893707996331,1
240229_일상검사_야_중_1-5-1_OK.csv,0.09096472727885373,-0.84647576754095,0.28494717862006724,0.19104111545306063,1
240229_일상검사_야_중_1-6-1_OK.csv,0.04915319365104057,-0.7323760139825228,-0.4445442758362338,-0.13503337675918,1
240229_일상검사_야_초_1-1-1_OK.csv,0.08099180932729176,0.47098549636143644,0.4987717521580998,-0.4068865475251831,1
240229_일상검사_야_초_1-2-1_OK.csv,0.09545443717088638,-1.1852093680927558,0.3420760286258978,0.3187681016993547,1
240229_일상검사_야_초_1-3-1_OK.csv,0.0755877259368398,-0.9791012629600307,0.6062853804643464,0.1768575644713627,1
240229_일상검사_야_초_1-4-1_OK.csv,0.016311306455491243,-0.7528533644540067,0.3199592411363489,0.07258472223053489,1
240229_일상검사_야_초_1-5-1_OK.csv,0.01174135354091831,-0.9540981501520429,0.5924234889331299,-0.019146124612663767,1
240229_일상검사_야_초_1-6-1_OK.csv,-0.03962877721224231,-0.738066233219753,0.37986432758938465,-0.19453770883934202,1
240304_일상검사_야_중_1-1-1_OK.csv,-0.039911024549172516,-0.8241093131059257,0.007164322384150032,-0.4794865200216932,1
240304_일상검사_야_중_1-2-1_OK.csv,-0.008887140147399553,-0.6664859149590295,0.26870171518974617,-0.17468801608988832,1
240304_일상검사_야_중_1-3-1_OK.csv,-0.05942008828132024,-1.0041195860150127,0.1371411474583484,-0.13074200089760796,1
240304_일상검사_야_중_1-4-1_NG.csv,0.1287205092049827,-0.6455596254195802,0.3508765510847026,0.30637083497476614,0
240304_일상검사_야_중_1-5-1_OK.csv,0.04311219619491999,-1.0285797056161428,0.0886135099442539,0.13821199758506203,1
240304_일상검사_야_중_2-1-1_OK.csv,-0.0006169337224449407,-0.957288746052953,0.0213009948303729,-0.07117569132025078,1
240304_일상검사_야_중_2-2-1_OK.csv,-0.04122414731644104,-0.5589102842675617,0.3478418599518527,-0.3879582473815278,1
240304_일상검사_야_중_2-3-1_OK.csv,-0.03111339958495236,-1.2285976717927143,0.04261249402691239,-0.29736870062065834,1
240304_일상검사_야_중_2-4-1_OK.csv,0.022035592493318566,-1.0319443554823973,-0.03704628171629643,0.2247307905237172,1
240304_일상검사_야_중_2-5-1_OK.csv,0.03445902329790518,-0.7610408728872974,0.007379450638245962,0.05030835921305643,1
240304_일상검사_야_중_2-6-1_OK.csv,0.051840876547523285,-0.8573916395719118,-0.07935979000039695,0.124606680678089,1
240304_일상검사_야_초_1-1-1_NG.csv,-0.014435420334192367,-0.46225427614502046,0.4219461597773833,-0.30206852006280804,0
240304_일상검사_야_초_1-2-1_NG.csv,-0.028014057701946607,-0.7518581047072618,-0.01943595490776244,-0.36621368874459187,0
240304_일상검사_야_초_1-3-1_OK.csv,0.0507002871064617,-0.6016436735110441,0.16135446304974138,-0.012217490109005913,1
240304_일상검사_야_초_1-4-1_NG.csv,0.2640945650456629,-0.4650622453822657,0.06103582309035089,0.6540447660164006,0
240304_일상검사_야_초_1-5-1_NG.csv,0.13932047174987075,-0.6709528173516839,0.3208850368113523,0.11319739504298405,0
240304_일상검사_야_초_1-6-1_NG.csv,0.17612622487433607,-1.7665623773803913,0.20710535282953255,1.1282734785053625,0
240304_일상검사_야_초_2-1-1_OK.csv,-0.03383786546818662,-0.8661047207903245,-0.16345220824805046,-0.17388534342668177,1
240304_일상검사_야_초_2-2-1_NG.csv,0.00024386295407580715,-0.722253687004048,0.6754813846935618,-0.26060989711107774,0
240304_일상검사_야_초_2-3-1_NG.csv,-0.04306632181213725,-0.6393396615285055,0.03648113699222526,-0.34370520439639046,0
240304_일상검사_야_초_2-4-1_OK.csv,0.0694936605479078,-0.5709331915400362,0.08662572423245961,0.2973960386127562,1
240304_일상검사_야_초_2-5-1_OK.csv,0.025974475040269222,-0.7483066468235469,0.3224661246144171,-0.2314681145163035,1
240304_일상검사_야_초_2-6-1_OK.csv,0.0927048780828727,-0.8000157354558075,0.2200476941294508,0.36025889908842035,1
240305_일상검사_야_중_1-1-1_OK.csv,-0.007472401869133558,-0.8113672279102391,0.07692185462598014,-0.2310451166495052,1
240305_일상검사_야_중_1-2-1_OK.csv,-0.0006091432403260086,-0.5040203396041735,0.21190583700109866,-0.09672891856618539,1
240305_일상검사_야_중_1-3-1_OK.csv,0.05926110654706681,-1.0333224922448088,-0.026729258266483997,0.07886828893799974,1
240305_일상검사_야_중_1-4-1_OK.csv,0.07524031368337472,-0.6440204274571419,0.30011587760638847,-0.12433213191953153,1
240305_일상검사_야_중_1-5-1_OK.csv,0.07073032119329134,-0.9046048615807681,0.006199087306623835,0.21411545569402668,1
240305_일상검사_야_중_1-6-1_OK.csv,0.017663013577408827,-0.7253437839086911,0.30151355872168384,-0.0060764102051344415,1
240305_일상검사_야_중_2-1-1_OK.csv,-0.055043740489113764,-0.7057922317083187,-0.0572224137871791,-0.45132780239430864,1
240305_일상검사_야_중_2-2-1_OK.csv,-0.001374802445559417,-0.4994242543773432,0.4062095840442288,-0.4173070596872281,1
240305_일상검사_야_중_2-3-1_OK.csv,-0.024630320024225168,-0.8442636662128157,0.346660872921434,-0.13376738902110052,1
240305_일상검사_야_중_2-4-1_OK.csv,0.07989283445793957,-0.7569440423505405,0.8031525420998532,0.09090691678711245,1
240305_일상검사_야_중_2-5-1_OK.csv,0.020953959389887356,-0.7633876084642917,0.2992883699942074,0.02679765885527774,1
240305_일상검사_야_중_2-6-1_OK.csv,0.040366056496052474,-0.8045758223915804,0.24298531493187286,-0.05309997044378223,1
240306_일상검사_야_초_1-1-1_OK.csv,0.015532314319028,-0.6312860030731898,0.33020771009855254,-0.277499077276335,1
240306_일상검사_야_초_1-2-1_NG.csv,-0.007602180090944302,-0.5066506697258888,0.45450561852988564,-0.30403047634986924,1
240306_일상검사_야_초_1-3-1_OK.csv,0.04737004919807389,-0.5547884887362455,0.25072798093065574,-0.12076177428152027,1
240306_일상검사_야_초_1-4-1_OK.csv,0.07689071671122134,-0.7406146860691198,0.2561500582306971,8.62203699988906e-05,1
240306_일상검사_야_초_1-5-1_OK.csv,0.06318827702218521,-0.8549257714488494,0.5499125694866207,0.3179466150263514,1
240306_일상검사_야_초_1-6-1_OK.csv,0.07819241437475596,-0.5664973865850157,0.09548580797440157,-0.09582261152574105,1
240306_일상검사_야_초_2-1-1_OK.csv,-0.016059544273059497,-0.6921193245610009,0.22903179647194022,0.03478231684812491,1
240306_일상검사_야_초_2-2-1_OK.csv,0.01964596726166639,-0.6253009345978691,0.40177695354981313,-0.1693926946099542,1
240306_일상검사_야_초_2-3-1_OK.csv,0.03681000595211728,-0.2524328804984414,0.5296976451142965,-0.2866861154516564,1
240306_일상검사_야_초_2-4-1_OK.csv,0.04173659378470368,-0.533619164181453,0.0158455123888655,-0.040722329137141806,1
240306_일상검사_야_초_2-5-1_OK.csv,0.004060658270462205,-0.8700559539466901,0.2923122808112929,-0.20749138818685178,1
240306_일상검사_야_초_2-6-1_OK.csv,0.056096505219651566,-0.8193832190760979,0.23921967775723685,0.06174436879559703,1
240307_일상검사_야_중_2-6-1_NG.csv,0.10308690474172175,-0.5742006734109955,0.2874480023884224,-0.018435962929813032,0
240307_일상검사_야_초_1-1-1_OK.csv,0.0014594049394984427,-0.42433947563285734,0.3812074225766736,-0.3164370759716767,1
240307_일상검사_야_초_1-2-1_OK.csv,-0.06491265227585039,-0.7063431396474866,0.343587026781315,-0.24086334955280342,1
240307_일상검사_야_초_1-3-1_NG.csv,-0.02140228782465512,-0.650250043992305,0.17363606730419928,-0.24473185308549966,0
240307_일상검사_야_초_1-4-1_NG.csv,0.00900301003135039,-0.832908854466871,0.5701517920382043,-0.2584397775803765,0
240307_일상검사_야_초_1-5-1_OK.csv,0.04284440370058891,-0.776221681948591,0.4572625829739369,-0.09565579829093501,1
240307_일상검사_야_초_1-6-1_OK.csv,0.03826330602200993,-0.7318256948860307,0.28789841087686063,-0.1949085680097588,1
240308_일상검사_야_중_1-4-1_OK.csv,0.06514907250109539,-1.2234356746198096,0.41856796631894133,-0.29228314314077797,1
240308_일상검사_야_중_1-5-1_OK.csv,0.03791039694724638,0.1597971176566878,-0.1681163475949234,0.10878882716647365,1
240308_일상검사_야_중_1-6-1_OK.csv,0.11765200681037212,0.39504555132694674,-0.1575577508822945,-0.1987454810290094,1
240308_일상검사_야_중_2-5-1_OK.csv,0.03791039694724638,0.1597971176566878,-0.1681163475949234,0.10878882716647365,1
240308_일상검사_야_초_1-1-1_OK.csv,-0.006001994355730079,-1.1978536394974446,0.3846176114638198,-0.09220758774563151,1
240308_일상검사_야_초_1-2-1_OK.csv,-0.018595761657679184,-0.7866700220591025,-0.09347070780080145,-0.013988258576639767,1
240308_일상검사_야_초_1-3-1_OK.csv,0.04112580052870732,-0.9862414640589254,0.031379680740672364,-0.014668930953518955,1
240308_일상검사_야_초_1-4-1_NG.csv,0.0414705560058924,0.12155507871792265,0.2938981305134992,0.8268686343453029,0
240308_일상검사_야_초_1-5-1_NG.csv,0.10247313914577694,-0.8113060141541419,0.40523425763060644,0.2836689202536795,0
240308_일상검사_야_초_1-6-1_NG.csv,-0.0422068618290856,-0.9304166730465542,0.23737730996464032,-0.2829639665325411,0
240315_일상검사_주_초_1-1-1_OK.csv,-0.012581043457906354,-0.9854022921091352,0.2806093458903303,-0.46565704989385664,1
240315_일상검사_주_초_1-2-1_OK.csv,0.042852069331370646,-1.0502725525495447,0.3539121335808473,0.162991364269572,1
240315_일상검사_주_초_1-3-1_NG.csv,0.16184084818840921,-1.0160423190914125,0.4172565383996939,0.2685975239390925,0
240315_일상검사_주_초_1-4-1_OK.csv,0.07280811798710538,-1.1676919032225808,0.6128140013523607,0.030392898289027026,1
240315_일상검사_주_초_1-5-1_OK.csv,-0.021532095783168167,-0.9815859068870546,0.23711960065137833,0.055280655818024826,1
240315_일상검사_주_초_1-6-1_NG.csv,-0.042295838118044174,-1.0552408997490839,-0.119067954402214,-0.4433401484713718,0
240318_일상검사_야_중_1-5-1.csv,0.057415852296788764,-0.8633949506107901,0.4448105036995132,0.36394815121978763,1
240318_일상검사_주_초_1-1-1_OK.csv,0.03518998743513656,-0.9585417745126943,0.20720472228901313,-0.15189721624989527,1
240318_일상검사_주_초_1-2-1_OK.csv,0.002853599549061024,-1.0782100622665145,0.27471793572144065,-0.15644783823427585,1
240318_일상검사_주_초_1-3-1_OK.csv,0.051910897713220494,-0.9413065088438538,0.13738191246738984,0.08941238505676775,1
240318_일상검사_주_초_1-4-1_NG.csv,-0.05554069997122093,-0.7205612070622834,-0.12060133881519844,-0.21102373851690356,0
240318_일상검사_주_초_1-5-1_OK.csv,0.0653705219221709,-1.0328984448151521,0.2602214473905629,0.5538542772453963,1
240318_일상검사_주_초_1-6-1_OK.csv,0.04967488066525385,-0.8828973094499686,0.3365358254062279,0.15797411448621765,1
240320_일상검사_주_중_1-1-1_OK.csv,0.018856141059946912,-1.0057467951610874,0.14218726513360133,-0.2109134100156489,1
240320_일상검사_주_중_1-5-1_OK.csv,0.09351509604970595,-0.8591772238401294,0.2967379531715477,0.016864730754418703,1
240321_일상검사_주_중_1-1-1_OK.csv,0.009131594721890946,-0.9972814488614131,0.2584935451814664,-0.44269300208618323,1
240321_일상검사_주_중_1-2-1_OK.csv,0.010705264024457246,-1.1137259627782854,0.18048930118047907,0.19467521807882399,1
240321_일상검사_주_중_1-3-1_OK.csv,-0.06972943750049643,-1.0871808225523332,0.26027245209949157,-0.2779595338719314,1
240321_일상검사_주_초_1-1-1_OK.csv,0.03425361890997422,-0.9746686636731128,0.3142501364578102,-0.2810163572272283,1
240321_일상검사_주_초_1-2-1_OK.csv,0.03425361890997422,-0.9746686636731128,0.3142501364578102,-0.2810163572272283,1
240321_일상검사_주_초_1-3-1_NG.csv,0.20765646880417854,-0.863243694721942,0.4386637426698204,0.3460451730950026,0
240321_일상검사_주_초_1-4-1_OK.csv,0.04498298583282589,-0.8480592635840285,0.14327547183410627,-0.03966310818776844,1
240321_일상검사_주_초_1-5-1_OK.csv,0.04926789629961663,-1.0939374031540228,0.3160372447720515,0.05061287188963426,1
240321_일상검사_주_초_1-6-1_OK.csv,0.013078761797404827,-1.0338853943021935,0.1873375597694946,-0.22565555205479787,1
240321_일상검사_주_초_2-3-1_OK.csv,0.04793273721131873,-1.1068776789237555,0.2795912438216521,-0.033216283742297154,1
240321_일상검사_주_초_2-4-1_OK.csv,0.039303921629093685,-0.8960422544385009,0.08515352453187693,-0.14382947214423178,1
240321_일상검사_주_초_2-5-1_OK.csv,0.07523746019596157,-0.8158948043332312,0.09857211287568982,-0.08804479704314111,1
240321_일상검사_주_초_2-6-1_OK.csv,0.053457037864572635,-0.5490819489448369,0.3248673840464351,-0.3151988869720679,1
240322_일상검사_주_중_1-5-1_OK.csv,0.048150361430410585,-1.0860592452624658,-0.017790512511963043,0.035794206874895707,1
240322_일상검사_주_중_1-6-1_OK.csv,0.004377997084206255,-0.9775973519357755,0.1828475025130975,-0.028515613577307225,1
240322_일상검사_주_중_2-1-1_OK.csv,0.07079097932495469,-0.9667141939951382,0.1332984355195086,0.09301916417520183,1
240322_일상검사_주_중_2-2-1_OK.csv,0.07241622580713446,-0.42386904797615094,0.38471092971905163,-0.22144062018136423,1
240322_일상검사_주_초_1-1-1_OK.csv,0.0598854503816153,-0.7882499112327155,0.3354336568571309,-0.06235983111944798,1
240322_일상검사_주_초_1-2-1_OK.csv,0.03969987613013951,-1.127814607969365,0.36993881215436863,0.11471895632260957,1
240322_일상검사_주_초_1-3-1_OK.csv,0.0390239510467959,-1.0809852703545089,0.3607677016244025,0.14316792103899412,1
240322_일상검사_주_초_1-4-1_OK.csv,0.04094759393065235,-1.3373710484333745,0.19888594410619026,0.13379281337636756,1
240322_일상검사_주_초_1-5-1_OK.csv,0.0709657075607582,-0.879816734413676,0.18218034334508093,-0.0700719343798046,1
240322_일상검사_주_초_1-6-1_OK.csv,0.08545009800736889,-0.7447014413379465,0.3376385210182027,0.27884712714070564,1
240323_일상검사_주_중_1-1-1_OK.csv,0.04031108358276659,-0.26167918217242175,0.41225282283134884,-0.05328589962765096,1
240323_일상검사_주_중_1-2-1_OK.csv,0.0827129360737517,0.341430107451787,-0.2495303827411454,-0.0055302833679680904,1
240323_일상검사_주_중_1-3-1_OK.csv,0.04487273226841926,-0.6225164518747448,0.38417001202179535,-0.2732636008759899,1
240323_일상검사_주_중_1-4-1_OK.csv,0.07642148843661967,-0.8092593028407008,0.15186442829999555,0.10596025815905546,1
240323_일상검사_주_중_1-5-1_OK.csv,0.049443549062984406,-1.1129286767801414,0.2069259389315716,0.04990954077297802,1
240323_일상검사_주_중_1-6-1_OK.csv,0.017053140527541012,-0.6742872066594174,0.4255277476514313,-0.341969472264095,1
240323_일상검사_주_초_2-1-1_OK.csv,0.0049209222971144,-0.6143530811059511,-0.3158539510987266,0.06258579798582914,1
240323_일상검사_주_초_2-2-1_OK.csv,0.08118048251087406,-0.4154561694918847,-0.32334237105986297,0.0845765825901144,1
240323_일상검사_주_초_2-3-1_OK.csv,0.03528994218462342,-0.32829031177284984,-0.17269374650360308,0.14026752875331858,1
240323_일상검사_주_초_2-4-1_OK.csv,-0.021889613922822203,-0.565215465192006,-0.10007864096412833,-0.19067505441925436,1
240323_일상검사_주_초_2-5-1_OK.csv,0.0697932999413454,-0.2519393474988192,-0.04468389231107296,-0.06487778984823142,1
240323_일상검사_주_초_2-6-1_OK.csv,0.05007295671077762,-0.19017009245742206,0.1083937977355115,-0.0035657504183368646,1
240325_일상검사_주_중_1-1-1_OK.csv,-0.0005530265190011796,-0.3944932254143406,-0.14126344065080831,0.13216807465249905,1
240325_일상검사_주_중_2-2-1_OK.csv,0.055434807221094486,-0.8691544222750709,0.06996538954540481,-0.1753634637304484,1
240325_일상검사_주_중_2-3-1_OK.csv,0.0578762896376412,-1.1970829228950672,0.3123731260614826,0.07789016515760191,1
240325_일상검사_주_중_2-5-1_OK.csv,0.1307496131463633,-1.2274352770055155,0.24641959415548934,0.18052206716169145,1
240326_일상검사_주_중_1-1-1_OK.csv,0.020757205896790663,-0.6817380628072919,0.2579706626006938,-0.210686213408307,1
240326_일상검사_주_중_1-2-1_OK.csv,0.03659126258312889,-0.7118640390246922,-0.029294865321912878,-0.13154915623984215,1
240326_일상검사_주_중_1-3-1_OK.csv,4.7084414171573094e-05,-0.6273087895846742,0.17792258534845437,-0.23826623848943118,1
240326_일상검사_주_중_2-1-1_OK.csv,0.012348734181035414,-0.3043409675802347,-0.15295783048962408,-0.08696611886110245,1
240326_일상검사_주_중_2-2-1_OK.csv,0.03179393496265915,-0.4723846571145647,-0.31529967134184245,0.108900523960866,1
240326_일상검사_주_중_2-3-1_OK.csv,0.05553309627409835,-0.36061591114225755,-0.12356999272337461,0.1355177415572552,1
240327_일상검사_주_초_1-1-1_OK.csv,-0.008958824506979645,-0.31967063687285613,-0.0038154605130559065,0.15430325138312445,1
240401_일상검사_야_중_1-1-1_OK.csv,-0.030901503820202396,-0.8867070309836063,-0.34357455266449566,0.1943373558828855,1
240401_일상검사_야_중_2-6-1_OK.csv,-0.07356950376170868,-0.48350394665805774,-0.42559321709645215,0.01068659951052501,1
240401_일상검사_야_초_1-1-1_OK.csv,-0.03411485373532531,-0.8379451134836832,-0.6035787975698443,0.0040599196784483205,1
240401_일상검사_야_초_1-2-1_OK.csv,-0.043646530797081015,-0.7488414019749567,-0.5995097674529084,0.07247083817133097,1
240401_일상검사_야_초_1-3-1_OK.csv,-0.020363753995599487,-0.4663114320604751,-0.4312760102830836,0.12169954026506158,1
240401_일상검사_야_초_1-5-1_OK.csv,-0.01900381236972311,-0.7061856711073514,-0.28095476479383397,-0.09735190454532203,1
240401_일상검사_야_초_1-6-1_OK.csv,-0.04499693576383261,-0.7244058788200445,-0.3341313014817108,0.08906632112031349,1
240401_일상검사_야_초_2-3-1_OK.csv,-0.04157893339356886,-0.7454556699060761,-0.4300934425553642,-0.05835695675662893,1
240401_일상검사_야_초_2-4-1_OK.csv,-0.01165370616225988,-0.8174792546105409,-0.38388715654793315,0.38937513348407954,1
240402_일상검사_야_초_1-1-1_OK.csv,-0.04421966856512903,-0.638896205158063,-0.5721839630394574,-0.20042063793740367,1
240402_일상검사_야_초_1-5-1_OK.csv,-0.006672358201752096,-0.7328887069829975,-0.23523760429822177,-0.04276199891906951,1
240402_일상검사_야_초_1-6-1_OK.csv,0.0016632023607024045,-0.722262949339278,0.0659261201731603,-0.1409238978321111,1
240403_일상검사_야_중_1-1-1_OK.csv,0.010662322641785628,-0.6108884934585143,0.06852485449034809,-0.08169683467286311,1
240403_일상검사_야_중_1-3-1_OK.csv,0.09315429108742224,-0.278847921303365,-0.06877941550811452,-0.19240015244919556,1
240403_일상검사_야_중_1-5-1_OK.csv,0.029264405402911586,-0.751802443898202,-0.12330622627306802,0.2535912147828311,1
240403_일상검사_야_중_2-1-1_OK.csv,-18.286679312700258,0.09123188174284858,0.06804305451389656,-0.026071103718606672,1
240403_일상검사_야_중_2-2-1_OK.csv,0.005283651330628647,-0.30337905826029915,0.07450707736560024,0.007856703830448763,1
240403_일상검사_야_중_2-4-1_OK.csv,-18.101364829844496,-0.15866709012639707,-0.04533883262936775,-0.45107811398168296,1
240403_일상검사_야_중_2-6-1_OK.csv,-18.057326652885777,-0.013692998656492317,0.03978249716436687,-0.007465763933440367,1
240403_일상검사_야_초_1-3-1_OK.csv,0.09555458319632898,-0.2837656782817777,0.014430644869995485,-0.12234492247375814,1
240403_일상검사_야_초_2-2-1_OK.csv,0.01528005801297042,-0.5162405414137723,-0.18114961756473152,-0.034682995755218826,1
240403_일상검사_주_중_1-2-1_OK.csv,-0.03253547411402094,-0.32374562248001987,-0.22485369853336035,-0.0893386895634943,1
240403_일상검사_주_중_2-2-1_OK.csv,-0.051267728888416554,-0.7532034210303928,-0.3199356863066148,0.14914694156915578,1
240403_일상검사_주_중_2-3-1_OK.csv,-0.0518976064708498,-0.48809229935357756,-0.17314095082130931,0.27607154122718114,1
240403_일상검사_주_중_2-6-1_OK.csv,-0.03695573008859745,-0.7800713780639555,-0.2642820465167825,0.31953800710923463,1
240403_일상검사_주_초_1-1-1_OK.csv,-0.0330796008365814,-0.5841588060775974,-0.6415683874611913,0.03268179743096958,1
240403_일상검사_주_초_1-6-1_OK.csv,0.016837640785170277,-0.6622926652216428,-0.49967824192672505,0.17426162831327222,1
240404_일상검사_야_중_1-1-1_OK.csv,0.00668424346467243,-0.6634498822824929,-0.29792765809608707,0.0752458304150974,1
240404_일상검사_야_중_1-3-1_OK.csv,0.043459802377910216,-0.7572518166806024,-0.28017045142196717,0.12807321887377837,1
240404_일상검사_야_중_1-6-1_OK.csv,0.05307429837240202,-0.3081625028052436,-0.1067905960280431,0.512143546307536,1
240404_일상검사_야_초_1-1-1_OK.csv,0.0199707599888031,-0.4646232879328577,-0.27627617541218347,0.02975062275418705,1
240404_일상검사_야_초_1-2-1_OK.csv,0.03196868076482305,-0.2772929027579011,-0.12782774453592535,-0.16998640760714612,1
240404_일상검사_야_초_1-3-1_OK.csv,0.10004877822401753,-0.5577146220396091,-0.19145922303261942,0.177591711533793,1
240404_일상검사_야_초_1-4-1_OK.csv,0.029988977149526724,-0.5504405307978437,0.3385649660318717,0.02023903721000317,1
240404_일상검사_야_초_1-5-1_OK.csv,0.07431470752444228,-0.651959465062161,-0.1456925723481658,0.0341809410280801,1
240404_일상검사_야_초_1-6-1_OK.csv,0.020154127713622155,-0.5163678526039452,0.006613447427067966,-0.052901847027274185,1
240404_일상검사_주_중_1-1-2_OK.csv,0.014957694547971278,-0.6448773425700756,-0.03493857398024093,-0.22802637085841926,1
240404_일상검사_주_중_1-5-1_OK.csv,0.015746243603530406,-1.0739156395562297,0.01474574491354353,-0.5714981954550119,1
240404_일상검사_주_중_1-6-1_OK.csv,0.0174579776136254,-0.5263941006965098,0.1478640849309479,0.12782231319570236,1
240404_일상검사_주_초_1-1-1_OK.csv,-18.120061396347303,-0.1361526927889176,-0.2634270591269603,0.589818481821327,1
240405_일상검사_야_중_1-1-1_OK.csv,0.04495104482171208,-0.5113297432812809,-0.1449838465132619,0.10955546326276677,1
240405_일상검사_야_초_1-3-1_OK.csv,0.05195559339977537,-0.4653738999056848,-0.00555692110705398,-0.0713993494457741,1
240405_일상검사_야_초_1-5-1_OK.csv,-18.16479782423793,0.041542591006516416,-0.06837436745546693,0.15336614199336898,1
240405_일상검사_주_중_1-4-1_OK.csv,0.01993857910230383,-0.8934644420911332,0.12438642581203066,0.024105171600390524,1
240405_일상검사_주_중_1-5-1_OK.csv,0.05258962828807076,-0.7179958563252861,-0.15441017702138943,-0.2856518439919502,1
240405_일상검사_주_중_1-6-1_OK.csv,0.02321966090795504,-0.6486161957463501,-0.07066289829019089,0.05285477999975982,1
240405_일상검사_주_초_1-2-1_OK.csv,0.11657469309703451,-0.3830104053800035,-0.059759788042145975,0.4373248526892489,1
240405_일상검사_주_초_1-6-1_OK.csv,0.0009312488884605126,-0.574299592435156,-0.5262710207669317,-0.20606555830874151,1
240408_일상검사_야_중_2-4-1_OK.csv,-0.019115206690484,-0.4666060049431506,-0.4897617553843526,0.2541415536667616,1
240408_일상검사_야_중_2-6-1_OK.csv,-0.018748184557553105,-0.4607799820985581,-0.507753120595547,0.0782623386023906,1
240408_일상검사_야_초_2-4-1_OK.csv,-0.02186042317052555,-0.7399156024901077,-0.5564137278474145,-0.14760190066896944,1
240408_일상검사_야_초_2-5-1_OK.csv,-0.026557079158850777,-0.9268714162549185,-0.22045273707639385,0.18461097468241253,1
240408_일상검사_야_초_2-6-1_OK.csv,5.4411500350168285e-05,-0.5275501783713846,-0.49179482024158105,0.05390092107472811,1
240408_일상검사_주_중_2-1-1_OK.csv,-0.059278288908493994,-0.5448215359935787,-0.45371853772507154,-0.14926299830277795,1
240408_일상검사_주_중_2-2-1_OK.csv,-0.07077503835096832,-0.5859984839516127,-0.7052340769777704,0.0057479304086557464,1
240408_일상검사_주_중_2-3-1_OK.csv,0.00680358812523834,-0.29360314228893486,-0.07201191180483757,0.020896222614128324,1
240408_일상검사_주_중_2-4-1_OK.csv,0.0213197354886911,-0.7426819065235403,0.01168082072034897,-0.021297762122770306,1
240408_일상검사_주_초_1-2-1_OK.csv,0.061002208068187555,1.0721999916663587,-0.05826801060759954,0.4273023643640247,1
240408_일상검사_주_초_1-5-1_OK.csv,0.04067778276328861,-1.2907817790227814,-0.18039396750707837,-0.490064176867132,1
240408_일상검사_주_초_1-6-1_OK.csv,0.07182161958401242,0.4790290183515187,0.2935972298132681,0.39675330054153024,1
240408_일상검사_주_초_2-1-1_OK.csv,-0.0025179287423753288,-0.8430752450357113,-0.1696173827210611,-0.10410388464849454,1
240408_일상검사_주_초_2-2-2_OK.csv,-0.019069227492562763,-0.06105011008281824,-0.07061061807473552,0.08107327829329328,1
240408_일상검사_주_초_2-4-1_OK.csv,0.050223719013783474,-0.5871424520857381,-0.10459439428365591,-0.07193219663460716,1
240408_일상검사_주_초_2-5-1_OK.csv,0.0596649464815073,-0.48430718910433856,-0.04475730636233545,-0.02315372426987647,1
240408_일상검사_주_초_2-6-1_OK.csv,0.061190931697897376,-0.6225593916105332,0.12736673416457056,0.3558176900094991,1
240409_일상검사_야_중_1-1-1_OK.csv,-0.023908661701661747,-0.5281135336574921,-0.3635390840491052,-0.10742709033433576,1
240409_일상검사_야_중_1-3-1_OK (1).csv,-0.008175929625521822,-0.5644994344486663,-0.45249679390814224,0.10605043358394699,1
240409_일상검사_야_중_1-3-1_OK.csv,-0.008175929625521822,-0.5644994344486663,-0.45249679390814224,0.10605043358394699,1
240409_일상검사_야_중_1-5-1_.csv,-0.04389722800772235,-0.6730935118089654,-0.41064648693574074,0.08866514348204714,1
240409_일상검사_야_중_2-1-1_OK.csv,-0.03157803883003717,-0.46394958787111956,-0.42590705531981143,0.1795599409626155,1
240409_일상검사_야_중_2-4-1_OK.csv,0.01231334735707217,-0.01490741328806891,-0.4163278970759713,-0.34259286914322373,1
240409_일상검사_야_중_2-6-1_OK.csv,-0.030055673008323215,-0.6272300660726143,-0.30462239190724594,-0.020564795359391375,1
240409_일상검사_야_초_1-2-1_OK.csv,-0.019883854502162398,-0.43401805742665256,-0.4383013281299714,-0.13008238748028472,1
240409_일상검사_야_초_1-5-1_OK.csv,0.0010938063780268764,-0.4123377624081086,-0.41899836496477094,-0.014661995884437076,1
240409_일상검사_야_초_2-2-1_OK.csv,-0.05911004702887565,-0.6968787733759467,-0.4269838066670042,-0.09698140086608921,1
240409_일상검사_야_초_2-3-1_OK.csv,-0.03437413231300626,-0.8694909670531774,-0.49213702864829256,0.13073975526399664,1
240409_일상검사_주_초_2-1-1_OK.csv,-0.05627280917157306,-0.8784355623408587,-0.6522639702536106,-0.40031218965859905,1
240410_일상검사_야_중_1-3-1_OK.csv,-0.026442541040198875,-0.6758066942450205,-0.6164846670362759,-0.09235137176591252,1
240410_일상검사_야_중_1-6-1_OK.csv,-0.002259731248779052,-0.5696034287754652,-0.5910082066581935,0.0302639435975985,1
240410_일상검사_야_중_2-3-1_OK.csv,-0.026442541040198882,-0.6758066942450203,-0.6164846670362758,-0.09235137176591263,1
240410_일상검사_야_초_1-1-1_OK.csv,-0.020047365898857236,-0.6974308540163033,-0.5967009473736757,-0.057439575790401154,1
240410_일상검사_야_초_1-4-1_OK.csv,-0.04048306622685567,-0.5513595078186908,-0.6097497765454786,-0.07391700348230545,1
240410_일상검사_야_초_2-1-1_OK.csv,-0.015578140984773146,-0.5403998325498087,-0.0006464755378785617,0.08132232120306988,1
240410_일상검사_야_초_2-2-1_OK.csv,-0.03730273474708252,-0.6871505683692755,-0.46421313580359225,-0.03148954980352714,1
240410_일상검사_야_초_2-3-1_OK.csv,-0.056130179221241486,-0.4055997981418572,-0.5019002740592728,-0.1190461137314082,1
240410_일상검사_주_초_1-2-1_OK.csv,-0.031428513382447364,0.049423925784291986,-0.27639149297865123,-0.39017532532910487,1
240410_일상검사_주_초_1-4-1_OK.csv,-0.038877681054639006,-0.5227652537594429,-0.2921622190380218,-0.5077347384148843,1
240410_일상검사_주_초_1-5-1_OK.csv,0.0021753084802560423,-0.6867628973770059,-0.5480776927190287,0.13772851376927303,1
240410_일상검사_주_초_1-6-1_OK.csv,0.01203624323674005,-0.11634221479617746,-0.37238384244998896,-0.25881484721344267,1
240410_일상검사_주_초_2-6-1_OK.csv,-0.046785701618717174,-1.1717656337576874,-0.325791732113195,0.21154274069234602,1
240411_일상검사_야_중_1-1-1_OK.csv,0.030916961720912912,-0.5425919400823421,0.06701403780717403,-0.24133327571544527,1
240411_일상검사_야_중_1-3-1_OK.csv,0.03446432175176188,-0.7206074445814413,-0.19571609440980914,0.1273291756340743,1
240411_일상검사_야_중_1-6-1_OK.csv,0.013095103165937056,-0.5079724129777627,-0.056738114964866714,0.02179917277457398,1
240411_일상검사_야_초_1-1-1_OK.csv,0.02245912157132385,-0.27648387141873276,-0.07518256889495656,-0.06850904213593932,1
240411_일상검사_야_초_1-2-1_OK.csv,-0.011276359113145989,-0.5210405336328546,-0.10532082417527182,-0.02090436435618845,1
240411_일상검사_야_초_1-3-1_OK.csv,0.07120528174702354,-0.1706680390365873,-0.06890884631607046,-0.19797535143040906,1
240411_일상검사_야_초_1-4-1_NG.csv,-0.031793186587092785,-0.4923527222532533,-0.36945075183704085,0.08669312288250608,0
240411_일상검사_야_초_1-4-2_OK.csv,0.033378461404637245,-0.17312563420409502,-0.05867868197060035,-0.1240536600887742,1
240411_일상검사_야_초_1-5-1_OK.csv,0.08097457765461827,-0.40571160524493366,-0.21025606721655754,-0.1579794460779791,1
240411_일상검사_야_초_1-6-1_OK.csv,0.015889433702341728,-0.5003560768233363,0.1039297383678696,0.02257549793776835,1
240411_일상검사_주_중_1-1-1_OK.csv,0.005890233405554791,-0.26314982215095495,-0.40311741445616356,0.03257163565556287,1
240411_일상검사_주_중_1-4-1_OK.csv,-0.018179811854142528,-0.5015516308884618,-0.5006098346404586,-0.04850607228968998,1
240411_일상검사_주_중_1-6-1_OK.csv,0.013327652186770747,0.5473957821269299,-0.6995238864850368,-0.8937604787029497,1
240411_일상검사_주_중_2-1-1_OK.csv,-0.011882459446998186,-0.26575366254427807,-0.33353072420273955,-0.013380502601606968,1
240411_일상검사_주_중_2-2-1_OK.csv,-0.05484084024441758,-0.1939697194217334,-0.5334228456284341,0.06990404099629899,1
240411_일상검사_주_중_2-3-1_OK.csv,-0.0897253096849713,-0.6510204214838079,-0.44976609203629025,0.2560377310288986,1
240411_일상검사_주_중_2-4-1_OK.csv,-0.0163966027238655,-0.46498653351971225,-0.4771073774368596,0.07977373309360522,1
240411_일상검사_주_초_1-1-1.csv,-0.021575354193192633,-0.33315100210501153,-0.5044811362617847,0.00035536409411651704,1
240412_일상검사_야_중_1-2-1_OK.csv,-0.04693888968613143,-0.8291915272710402,-0.2979968289671275,-0.1694569985893362,1
240412_일상검사_야_중_1-5-1_OK.csv,-0.010046678357557579,-0.5879816069056364,-0.6210371116544386,-0.007395806923794823,1
240412_일상검사_야_중_1-6-1_OK.csv,-0.02817084568710803,-0.6414781358219084,-0.5668341082286598,-0.09339189361900752,1
240412_일상검사_야_중_2-1-1_OK.csv,0.012019599946545787,-0.7755638241383815,0.04468988697161448,0.236203336034301,1
240412_일상검사_야_중_2-3-1_OK.csv,0.00994785151540739,-0.07539506318767741,-0.11118853768871081,-0.14408927107593833,1
240412_일상검사_야_중_2-6-1_OK.csv,0.042789079059924344,-0.4650940726163859,-0.09395773500545138,0.019912171655149136,1
240412_일상검사_야_초_1-1-1_OK.csv,-0.02320496369401158,-0.6014972720886308,-0.5242714022151566,-0.06534696120751304,1
240412_일상검사_야_초_1-2-1_OK.csv,-0.0206332203791178,-0.7154158668521207,-0.40630538754566276,0.03896321646296065,1
240412_일상검사_야_초_2-1-1_OK.csv,-0.026679554488683067,-0.4756800178724124,-0.6617572970804995,-0.1225196597389484,1
240412_일상검사_야_초_2-2-1_OK.csv,-0.019721675324043106,-0.5338570470918758,-0.25040969729421103,-0.04960948328446543,1
240412_일상검사_야_초_2-3-1_OK.csv,-0.10113181987756295,-0.6014849866294919,-0.3366886233006863,0.0705899074457176,1
240412_일상검사_야_초_2-5-1_OK.csv,0.0018502250616016357,-0.6653140569595546,0.20316213190454074,-0.1853695782736105,1
240412_일상검사_야_초_2-6-1_OK.csv,-0.02267624090728438,-0.7870839236165241,-0.21357334218255042,-0.08698659601888432,1
240412_일상검사_주_초_1-1-1_OK.csv,0.032602959515846144,-0.5223702078374484,-0.1356819059671441,0.09599058286839274,1
240412_일상검사_주_초_1-2-1_OK.csv,0.04429362777997248,-0.3049827926971852,0.0005364790436442612,0.216298576259504,1
240412_일상검사_주_초_1-3-1_OK.csv,0.17891774051607204,-0.7815626610959878,-0.1646334969997098,0.39871831655896534,1
240412_일상검사_주_초_1-5-1_OK.csv,0.08580312672244503,-0.1388513323685553,-0.3100392212179992,0.08635049605065633,1
240412_일상검사_주_초_1-6-1_OK.csv,-0.07911231879481626,-0.4476624933200497,-0.1156173189977598,-0.004363851048125575,1
240412_일상검사_주_초_2-1-1_OK.csv,0.04534862829494278,-0.26820444317482534,-0.0740283741260772,-0.3703796554273735,1
240412_일상검사_주_초_2-2-1_OK.csv,0.02826729427350598,-0.3027669813930577,-0.1898725328204601,0.0822583623073056,1
240412_일상검사_주_초_2-4-1_OK.csv,-0.02807923976043207,-0.3752146439356736,0.011315834980496806,-0.12235348097825328,1
240413_일상검사_야_초_1-5-1_OK.csv,0.01295762805058745,-0.3353872132697695,-0.06934024717546088,-0.07898612869894765,1
240415_일상검사_야_초_2-1-1_.csv,-0.023876282322839767,0.30922334712133637,-0.8127792445746405,-0.3177238096033559,1
240415_일상검사_야_초_2-2-1_OK.csv,0.046006490957407,0.4877284207313525,0.797761543807637,-0.07707489899855062,1
240415_일상검사_주_중_2-4-1_OK.csv,0.07236092459358359,-0.11714525086365146,-0.19905377339409042,-0.019452211619147293,1
240415_일상검사_주_중_2-6-1_OK.csv,0.0022309036425701197,-0.392821398115588,-0.01778475886936768,0.06481856783417753,1
240415_일상검사_주_초_1-1-1_OK.csv,-0.10166310005416516,-0.572041705151914,-0.4388624700069381,-0.16182015629361984,1
240415_일상검사_주_초_1-6-1_OK.csv,-0.0012623300994616758,-0.48050405711562805,-0.3553387925646582,-0.2437364863967221,1
240415_일상검사_주_초_2-1-1_OK.csv,-0.03682760228712459,-0.618584471066719,-0.4386697506551248,-0.051623661063958035,1
240415_일상검사_주_초_2-4-1_OK.csv,-0.011166444057962922,-0.597707535516794,-0.5848669408856992,-0.03631991600729528,1
240415_일상검사_주_초_2-6-1_OK.csv,-0.026567320337896026,-0.8592396957060953,-0.48000243884509186,0.13906514276030152,1
240417_일상검사_주_중_1-1-1_OK.csv,0.018864331949041465,-0.6870076807820631,-0.17806538457354054,0.5698371881173756,1
240417_일상검사_주_중_1-2-1_OK.csv,0.022968638327859392,-0.5523413996510281,-0.1746967185231712,0.10707813965258689,1
240417_일상검사_주_중_1-3-1_NG.csv,-0.008867890042796794,-0.4288674846169882,-0.15646937547651113,0.1157687359339095,0
240417_일상검사_주_중_1-4-1_OK.csv,0.06203868633536487,-0.6369233938404095,-0.2307349610657266,0.1874340817241155,1
240417_일상검사_주_중_1-5-1_OK.csv,0.023089032021593115,-0.1075306378408845,-0.2248297698764573,-0.008139518826978234,1
240417_일상검사_주_중_1-6-1_OK.csv,0.02321541938172029,-0.3681010688026899,0.48024455379171593,0.29246979557594155,1
240423_일상검사_야_중_1-6-1_OK.csv,-0.0003004833597955968,-0.9025229034902469,-0.5408558054039903,-0.09160835943926462,1
